[{"scan":"aayBHfsNo7d","image_id":"fc188c1c407146ce88db33e41d932cae","camera_matrix":[-0.9988240417713754,0,0.048482301714061295,0,0.005611211241837623,0.993279857237133,0.11560120897023608,0,-0.04815649372507041,0.1157373112137167,-0.9921118016156878,0,0,0,0,1],"camera_pose_matrix":[0.99947900005116,-0.032243579760131,0.0020086107529600707,0,-0.0016461002398655516,0.011265480271501132,0.9999359994387101,0,-0.03226410075279993,-0.9994170005612899,0.01120651977983281,0,4.75107,-8.34341,3.27877,1],"world_frame_matrix":[0.40590141601324375,0.004050096779507649,-0.913907089312768,0,0.9139046784251634,0.003072440540499098,0.4059139229759249,0,0.004451884858761603,-0.9999858249289885,-0.0024542740212653807,0,0,0,0,1],"cubemap_frame_matrix":[1,0,0,0,0,-1,-1.2246467991473532e-16,0,0,1.2246467991473532e-16,-1,0,0,0,0,1],"cam_rotation":{"_x":-0.11599726720946921,"_y":-3.0930913385446637,"_z":0,"_order":"YXZ"},"heading":3.1251897717244925,"elevation":-0.10470622589772623,"mouse_left_top":{"x":-0.7096491228070175,"y":0.9784615384615385,"z":0.5},"mouse_right_top":{"x":0.38859649122807016,"y":0.9784615384615385,"z":0.5},"mouse_left_bottom":{"x":-0.7096491228070175,"y":-0.9661538461538461,"z":0.5},"mouse_right_bottom":{"x":0.38859649122807016,"y":-0.9661538461538461,"z":0.5},"obj_name":"painting"},{"scan":"aayBHfsNo7d","image_id":"b7ced3f4cbdb41eeb88825c7c632060e","camera_matrix":[-0.9771796296477219,0,0.21241462144009887,0,0.035255397166133455,0.9861300554804356,0.1621868387040428,0,-0.20946844242558044,0.16597443682131593,-0.9636262023988594,0,0,0,0,1],"camera_pose_matrix":[0.999479000051158,-0.032243579770039665,0.002008610595502506,0,-0.001646100249774212,0.011265480265497672,0.9999359994412536,0,-0.03226410091025741,-0.9994170005587462,0.011206519775756329,0,4.29036,-2.35128,5.0234,1],"world_frame_matrix":[-0.964015163141701,0.0006029119146469016,-0.2658406429523846,0,0.2658065930117989,0.01838476062892813,-0.9638499721316093,0,0.00430631580738425,-0.9998305858834075,-0.01788352898297621,0,0,0,0,1],"cubemap_frame_matrix":[1,0,0,0,0,-1,-1.2246467991473532e-16,0,0,1.2246467991473532e-16,-1,0,0,0,0,1],"cam_rotation":{"_x":-0.16674607161361213,"_y":3.3556379634028817,"_z":0,"_order":"YXZ"},"heading":2.959875486361144,"elevation":-0.15536843115187882,"mouse_left_top":{"x":-0.5184210526315789,"y":0.6492307692307693,"z":0.5},"mouse_right_top":{"x":0.0903508771929824,"y":0.6492307692307693,"z":0.5},"mouse_left_bottom":{"x":-0.5184210526315789,"y":-0.4307692307692308,"z":0.5},"mouse_right_bottom":{"x":0.0903508771929824,"y":-0.4307692307692308,"z":0.5},"obj_name":"painting"},{"scan":"aayBHfsNo7d","image_id":"b7ced3f4cbdb41eeb88825c7c632060e","camera_matrix":[-0.9963127430378452,0,0.08579579278964734,0,0.06366612731509705,0.6703269981370156,0.7393296557025936,0,-0.0575112362334697,0.7420658431491219,-0.6678553302462145,0,0,0,0,1],"camera_pose_matrix":[0.999479000051158,-0.03224357977004471,0.0020086105954221353,0,-0.0016461002497792595,0.011265480265494883,0.9999359994412549,0,-0.03226410091033778,-0.9994170005587448,0.011206519775754504,0,4.29036,-2.35128,5.0234,1],"world_frame_matrix":[-0.9640151617231102,0.0006029146328430777,-0.2658406455139062,0,0.2658065902936013,0.01838478171859479,-0.9638499721237751,0,0.00430631324585924,-0.9998305858912416,-0.01788350931188456,0,0,0,0,1],"cubemap_frame_matrix":[1,0,0,0,0,-1,-1.2246467991473532e-16,0,0,1.2246467991473532e-16,-1,0,0,0,0,1],"cam_rotation":{"_x":-0.8361469678015911,"_y":-3.055691254646815,"_z":3.518244812306551e-18,"_order":"YXZ"},"heading":3.0868206813930055,"elevation":-0.8248087884508903,"mouse_left_top":{"x":-0.6973684210526316,"y":0.2584615384615384,"z":0.5},"mouse_right_top":{"x":0.1517543859649122,"y":0.2584615384615384,"z":0.5},"mouse_left_bottom":{"x":-0.6973684210526316,"y":-0.44307692307692315,"z":0.5},"mouse_right_bottom":{"x":0.1517543859649122,"y":-0.44307692307692315,"z":0.5},"obj_name":"table"},{"scan":"aayBHfsNo7d","image_id":"b7ced3f4cbdb41eeb88825c7c632060e","camera_matrix":[-0.8796983598569063,0,-0.4755321184368814,0,-0.2887252735784814,0.7945776797137543,0.5341198622947264,0,0.37784720729694343,0.607162507818711,-0.6989886816230959,0,0,0,0,1],"camera_pose_matrix":[0.999479000051158,-0.03224357977004471,0.0020086105954221353,0,-0.0016461002497792595,0.011265480265494883,0.9999359994412549,0,-0.03226410091033778,-0.9994170005587448,0.011206519775754504,0,4.29036,-2.35128,5.0234,1],"world_frame_matrix":[-0.9640151617231102,0.0006029146328430777,-0.2658406455139062,0,0.2658065902936013,0.01838478171859479,-0.9638499721237751,0,0.00430631324585924,-0.9998305858912416,-0.01788350931188456,0,0,0,0,1],"cubemap_frame_matrix":[1,0,0,0,0,-1,-1.2246467991473532e-16,0,0,1.2246467991473532e-16,-1,0,0,0,0,1],"cam_rotation":{"_x":-0.6524846280532647,"_y":-3.637161473863874,"_z":3.518244812306551e-18,"_order":"YXZ"},"heading":3.6640677022207573,"elevation":-0.6435623244133786,"mouse_left_top":{"x":-0.03245614035087718,"y":0.021538461538461506,"z":0.5},"mouse_right_top":{"x":0.37982456140350873,"y":0.021538461538461506,"z":0.5},"mouse_left_bottom":{"x":-0.03245614035087718,"y":-0.8461538461538463,"z":0.5},"mouse_right_bottom":{"x":0.37982456140350873,"y":-0.8461538461538463,"z":0.5},"obj_name":"chair"},{"scan":"aayBHfsNo7d","image_id":"6dec3cb690e24470a108893fc88ec52b","camera_matrix":[0.08399559736406433,6.938893903907225e-18,0.9964661256778642,0,0.08178227929833824,0.996626377091719,-0.006893712918525633,0,-0.9931044247289516,0.08207231253616805,0.0837122278926022,0,0,0,0,1],"camera_pose_matrix":[0.999479000051158,-0.03224357977004471,0.0020086105954220954,0,-0.0016461002497792617,0.011265480265494896,0.9999359994412549,0,-0.032264100910337816,-0.9994170005587448,0.01120651977575452,0,6.85866,-2.22182,5.03288,1],"world_frame_matrix":[-0.9052699286565188,-0.00325366887193253,0.4248222082453426,0,-0.42483145319457166,0.002933146831956035,-0.9052671032703257,0,0.001699349479569381,-0.9999899110435622,-0.004037670131927184,0,0,0,0,1],"cubemap_frame_matrix":[1,0,0,0,0,-1,-1.2246467991473532e-16,0,0,1.2246467991473532e-16,-1,0,0,0,0,1],"cam_rotation":{"_x":-0.08216473094004031,"_y":-1.4867016460625098,"_z":0,"_order":"YXZ"},"heading":1.51988954847475,"elevation":-0.08109921389204826,"mouse_left_top":{"x":-0.49736842105263157,"y":0.9230769230769231,"z":0.5},"mouse_right_top":{"x":0.3605263157894736,"y":0.9230769230769231,"z":0.5},"mouse_left_bottom":{"x":-0.49736842105263157,"y":-0.9046153846153846,"z":0.5},"mouse_right_bottom":{"x":0.3605263157894736,"y":-0.9046153846153846,"z":0.5},"obj_name":"wardrobe"},{"scan":"aayBHfsNo7d","image_id":"41fbb6cadff540b48fcb2021bcca9364","camera_matrix":[0.9789329152227182,6.9388939039072245e-18,-0.2041821429350501,0,-0.07562301837440867,0.928884158429744,-0.36256775823314685,0,0.1896615580066058,0.3703703824798437,0.9093152771158308,0,0,0,0,1],"camera_pose_matrix":[0.999479000051158,-0.03224357977004471,0.0020086105954220954,0,-0.0016461002497792617,0.011265480265494896,0.9999359994412549,0,-0.032264100910337816,-0.9994170005587448,0.01120651977575452,0,6.49156,-0.266035,5.0358,1],"world_frame_matrix":[-0.9782282834471893,-0.010471677351853698,0.20726296605417927,0,-0.20740554953142104,0.015119113853892576,-0.9781373659641588,0,0.007109117242863163,-0.9998307030360243,-0.016961860408264876,0,0,0,0,1],"cubemap_frame_matrix":[1,0,0,0,0,-1,-1.2246467991473532e-16,0,0,1.2246467991473532e-16,-1,0,0,0,0,1],"cam_rotation":{"_x":-0.37940772816430607,"_y":0.20562817663541258,"_z":0,"_order":"YXZ"},"heading":6.109686708309837,"elevation":-0.39078861824629996,"mouse_left_top":{"x":-0.10789473684210527,"y":-0.04307692307692301,"z":0.5},"mouse_right_top":{"x":0.0903508771929824,"y":-0.04307692307692301,"z":0.5},"mouse_left_bottom":{"x":-0.10789473684210527,"y":-0.5169230769230768,"z":0.5},"mouse_right_bottom":{"x":0.0903508771929824,"y":-0.5169230769230768,"z":0.5},"obj_name":"table"},{"scan":"aayBHfsNo7d","image_id":"0f462b8531e14ad0803d1beabefa48b5","camera_matrix":[-0.12554978015279686,-6.9388939039072245e-18,0.9920873211081689,0,0.06468625106637459,0.9978720741573689,0.00818611872916626,0,-0.9899762328594364,0.06520217493972152,-0.12528261953107314,0,0,0,0,1],"camera_pose_matrix":[0.999479000051158,-0.03224357977004471,0.0020086105954220954,0,-0.0016461002497792617,0.011265480265494896,0.9999359994412549,0,-0.032264100910337816,-0.9994170005587448,0.01120651977575452,0,9.19337,0.394986,5.044,1],"world_frame_matrix":[-0.4380714677413348,0.016659118853286928,-0.8987853343185624,0,0.8988763235674929,0.01997384931591777,-0.4377454877899428,0,0.01065985457918001,-0.999661424584554,-0.02372463358078943,0,0,0,0,1],"cubemap_frame_matrix":[1,0,0,0,0,-1,-1.2246467991473532e-16,0,0,1.2246467991473532e-16,-1,0,0,0,0,1],"cam_rotation":{"_x":-0.06524846280532645,"_y":-1.696678303643977,"_z":0,"_order":"YXZ"},"heading":1.729630051166879,"elevation":-0.06184489965308561,"mouse_left_top":{"x":-0.37982456140350873,"y":0.9723076923076923,"z":0.5},"mouse_right_top":{"x":0.42719298245614046,"y":0.9723076923076923,"z":0.5},"mouse_left_bottom":{"x":-0.37982456140350873,"y":-0.7876923076923077,"z":0.5},"mouse_right_bottom":{"x":0.42719298245614046,"y":-0.7876923076923077,"z":0.5},"obj_name":"painting"},{"scan":"aayBHfsNo7d","image_id":"0f462b8531e14ad0803d1beabefa48b5","camera_matrix":[0.94475709579801,-4.163336342344334e-17,0.3277713073765123,0,0.2283844928207092,0.7172848989164672,-0.6582878528618163,0,-0.23510540907928001,0.6967800038652032,0.677659997960091,0,0,0,0,1],"camera_pose_matrix":[0.999479000051158,-0.03224357977004471,0.0020086105954220954,0,-0.0016461002497792617,0.011265480265494896,0.9999359994412549,0,-0.032264100910337816,-0.9994170005587448,0.01120651977575452,0,9.19337,0.394986,5.044,1],"world_frame_matrix":[-0.4380713813096607,0.016659167417916714,-0.8987853294666437,0,0.8988762750028755,0.01997401615381908,-0.4377455154256636,0,0.010659859431099414,-0.999661396948823,-0.023724553174510388,0,0,0,0,1],"cubemap_frame_matrix":[1,0,0,0,0,-1,-1.2246467991473532e-16,0,0,1.2246467991473532e-16,-1,0,0,0,0,1],"cam_rotation":{"_x":-0.770898504996265,"_y":-0.3339435955736673,"_z":-2.781476336940934e-17,"_order":"YXZ"},"heading":0.3716966385986926,"elevation":-0.7808126681953385,"mouse_left_top":{"x":-0.24649122807017543,"y":0.2646153846153846,"z":0.5},"mouse_right_top":{"x":0.0903508771929824,"y":0.2646153846153846,"z":0.5},"mouse_left_bottom":{"x":-0.24649122807017543,"y":-0.41846153846153844,"z":0.5},"mouse_right_bottom":{"x":0.0903508771929824,"y":-0.41846153846153844,"z":0.5},"obj_name":"toilet"},{"scan":"aayBHfsNo7d","image_id":"0f462b8531e14ad0803d1beabefa48b5","camera_matrix":[-0.9154178530186657,-5.551115123125778e-17,0.4025048501256787,0,0.14636141244797568,0.9315448459424144,0.33287015027538347,0,-0.3749513186014002,0.3636264566806474,-0.8527527828632093,0,0,0,0,1],"camera_pose_matrix":[0.999479000051158,-0.03224357977004471,0.0020086105954220954,0,-0.0016461002497792617,0.011265480265494896,0.9999359994412549,0,-0.032264100910337816,-0.9994170005587448,0.01120651977575452,0,9.19337,0.394986,5.044,1],"world_frame_matrix":[-0.43807140431407393,0.01665915449208862,-0.8987853307580157,0,0.8988762879287004,0.019973971748708762,-0.4377455080702179,0,0.010659858139727387,-0.9996614043042713,-0.023724574575220914,0,0,0,0,1],"cubemap_frame_matrix":[1,0,0,0,0,-1,-1.2246467991473532e-16,0,0,1.2246467991473532e-16,-1,0,0,0,0,1],"cam_rotation":{"_x":-0.3721578989637147,"_y":-2.727341156663787,"_z":-7.739065929746066e-17,"_order":"YXZ"},"heading":2.760625268585321,"elevation":-0.36108926130641333,"mouse_left_top":{"x":-0.24649122807017543,"y":0.006153846153846176,"z":0.5},"mouse_right_top":{"x":0.03421052631578947,"y":0.006153846153846176,"z":0.5},"mouse_left_bottom":{"x":-0.24649122807017543,"y":-0.4246153846153846,"z":0.5},"mouse_right_bottom":{"x":0.03421052631578947,"y":-0.4246153846153846,"z":0.5},"obj_name":"towel"},{"scan":"aayBHfsNo7d","image_id":"0f462b8531e14ad0803d1beabefa48b5","camera_matrix":[-0.9995955572010571,-4.1633363423443346e-17,0.028438038327334658,0,0.009244078436157838,0.9456932772874085,0.3249288726894953,0,-0.026893661665402073,0.32506034100363596,-0.9453107984514014,0,0,0,0,1],"camera_pose_matrix":[0.999479000051158,-0.03224357977004471,0.0020086105954220954,0,-0.0016461002497792617,0.011265480265494896,0.9999359994412549,0,-0.032264100910337816,-0.9994170005587448,0.01120651977575452,0,9.19337,0.394986,5.044,1],"world_frame_matrix":[-0.4380713981912844,0.01665915793239033,-0.8987853304143076,0,0.8988762844883995,0.019973983567447267,-0.4377455100279226,0,0.010659858483435494,-0.9996614023465658,-0.02372456887926823,0,0,0,0,1],"cubemap_frame_matrix":[1,0,0,0,0,-1,-1.2246467991473532e-16,0,0,1.2246467991473532e-16,-1,0,0,0,0,1],"cam_rotation":{"_x":-0.33107553349369445,"_y":-3.1131507807888488,"_z":-4.4692817103533217e-17,"_order":"YXZ"},"heading":3.144842307629421,"elevation":-0.31981581503752093,"mouse_left_top":{"x":-0.1763157894736842,"y":-0.009230769230769154,"z":0.5},"mouse_right_top":{"x":0.19210526315789478,"y":-0.009230769230769154,"z":0.5},"mouse_left_bottom":{"x":-0.1763157894736842,"y":-0.4307692307692308,"z":0.5},"mouse_right_bottom":{"x":0.19210526315789478,"y":-0.4307692307692308,"z":0.5},"obj_name":"tap"},{"scan":"aayBHfsNo7d","image_id":"9d691cb5fdfc46d995836e1ea82465d7","camera_matrix":[0.7237205298640685,1.3877787807814449e-17,-0.6900931782399177,0,-0.24938188176452392,0.9324208682108488,-0.2615339396187643,0,0.6434572804008482,0.3613742167406612,0.6748121247978706,0,0,0,0,1],"camera_pose_matrix":[0.999479000051158,-0.03224357977004471,0.0020086105954220954,0,-0.0016461002497792617,0.011265480265494896,0.9999359994412549,0,-0.032264100910337816,-0.9994170005587448,0.01120651977575452,0,4.31417,-4.31778,5.02658,1],"world_frame_matrix":[-0.019061534761617663,-0.021261003216301293,0.9995916985531919,0,-0.9998153829611349,0.0022713106908815407,-0.019017694598312495,0,-0.00186585056396217,-0.9997710238114034,-0.02130019818975225,0,0,0,0,1],"cubemap_frame_matrix":[1,0,0,0,0,-1,-1.2246467991473532e-16,0,0,1.2246467991473532e-16,-1,0,0,0,0,1],"cam_rotation":{"_x":-0.3697412892301835,"_y":-5.521567513409083,"_z":0,"_order":"YXZ"},"heading":5.551354818749077,"elevation":-0.3792303084386951,"mouse_left_top":{"x":-0.041228070175438614,"y":0.0707692307692308,"z":0.5},"mouse_right_top":{"x":0.03947368421052633,"y":0.0707692307692308,"z":0.5},"mouse_left_bottom":{"x":-0.041228070175438614,"y":-0.13230769230769224,"z":0.5},"mouse_right_bottom":{"x":0.03947368421052633,"y":-0.13230769230769224,"z":0.5},"obj_name":"switch"},{"scan":"aayBHfsNo7d","image_id":"0afa10e3865a482684ff822f9678e32c","camera_matrix":[0.06124879840511751,-5.5511151231257796e-17,-0.998122529899976,0,-0.641786078129588,0.7658718191951479,-0.03938256570814951,0,0.7644339177541581,0.6429932787850227,0.04690872865804427,0,0,0,0,1],"camera_pose_matrix":[0.999479000051158,-0.03224357977004471,0.0020086105954220954,0,-0.0016461002497792617,0.011265480265494896,0.9999359994412549,0,-0.032264100910337816,-0.9994170005587448,0.01120651977575452,0,0.913877,-3.98476,4.96256,1],"world_frame_matrix":[0.35370186107239326,-0.005033639366178209,0.9353437467851506,0,-0.9352075640897145,-0.019760410756138047,0.3535439716184103,0,0.016703228849244942,-0.9997908425758176,-0.011696772521497418,0,0,0,0,1],"cubemap_frame_matrix":[1,0,0,0,0,-1,-1.2246467991473532e-16,0,0,1.2246467991473532e-16,-1,0,0,0,0,1],"cam_rotation":{"_x":-0.6984002129903465,"_y":1.5095091686513054,"_z":0,"_order":"YXZ"},"heading":4.796613289322545,"elevation":-0.7010398697477006,"mouse_left_top":{"x":-0.36403508771929827,"y":0.5907692307692307,"z":0.5},"mouse_right_top":{"x":0.36403508771929816,"y":0.5907692307692307,"z":0.5},"mouse_left_bottom":{"x":-0.36403508771929827,"y":-0.6738461538461538,"z":0.5},"mouse_right_bottom":{"x":0.36403508771929816,"y":-0.6738461538461538,"z":0.5},"obj_name":"beach chair"},{"scan":"aayBHfsNo7d","image_id":"0afa10e3865a482684ff822f9678e32c","camera_matrix":[0.9950115353543194,6.9388939039072245e-18,-0.09975993440173703,0,-0.06265597617892028,0.7781588336437293,-0.62493444317888,0,0.07762907419843064,0.6280675358767002,0.7742770158133737,0,0,0,0,1],"camera_pose_matrix":[0.999479000051158,-0.03224357977004471,0.0020086105954220954,0,-0.0016461002497792617,0.011265480265494896,0.9999359994412549,0,-0.032264100910337816,-0.9994170005587448,0.01120651977575452,0,0.913877,-3.98476,4.96256,1],"world_frame_matrix":[0.35370186107239326,-0.005033639366178209,0.9353437467851506,0,-0.9352075640897145,-0.019760410756138047,0.3535439716184103,0,0.016703228849244942,-0.9997908425758176,-0.011696772521497418,0,0,0,0,1],"cubemap_frame_matrix":[1,0,0,0,0,-1,-1.2246467991473532e-16,0,0,1.2246467991473532e-16,-1,0,0,0,0,1],"cam_rotation":{"_x":-0.6790673351221017,"_y":0.09992614908009588,"_z":0,"_order":"YXZ"},"heading":6.216241998933013,"elevation":-0.6904184275847284,"mouse_left_top":{"x":-0.39035087719298245,"y":0.5384615384615384,"z":0.5},"mouse_right_top":{"x":0.2868421052631578,"y":0.5384615384615384,"z":0.5},"mouse_left_bottom":{"x":-0.39035087719298245,"y":-0.7046153846153846,"z":0.5},"mouse_right_bottom":{"x":0.2868421052631578,"y":-0.7046153846153846,"z":0.5},"obj_name":"beach chair"},{"scan":"aayBHfsNo7d","image_id":"0afa10e3865a482684ff822f9678e32c","camera_matrix":[0.6425894409482346,-1.665334536937734e-16,-0.766210682764104,0,-0.5149842388394305,0.7404437591453229,-0.4318961371553525,0,0.5673359182431577,0.6721183225762725,0.4758013412428023,0,0,0,0,1],"camera_pose_matrix":[0.999479000051158,-0.03224357977004471,0.0020086105954220954,0,-0.0016461002497792617,0.011265480265494896,0.9999359994412549,0,-0.032264100910337816,-0.9994170005587448,0.01120651977575452,0,0.913877,-3.98476,4.96256,1],"world_frame_matrix":[0.3537018976062992,-0.0050335809133683716,0.9353437050217529,0,-0.9352075056369419,-0.019760352764520192,0.3535440115020713,0,0.016703187085862277,-0.999790802692146,-0.01169670343660822,0,0,0,0,1],"cubemap_frame_matrix":[1,0,0,0,0,-1,-1.2246467991473532e-16,0,0,1.2246467991473532e-16,-1,0,0,0,0,1],"cam_rotation":{"_x":-0.7370659687268364,"_y":0.8729232888449531,"_z":-1.4496198930414831e-16,"_order":"YXZ"},"heading":5.435814347884673,"elevation":-0.7457819557668528,"mouse_left_top":{"x":-0.0903508771929824,"y":0.29538461538461536,"z":0.5},"mouse_right_top":{"x":0.1166666666666667,"y":0.29538461538461536,"z":0.5},"mouse_left_bottom":{"x":-0.0903508771929824,"y":-0.20923076923076933,"z":0.5},"mouse_right_bottom":{"x":0.1166666666666667,"y":-0.20923076923076933,"z":0.5},"obj_name":"table"},{"scan":"aayBHfsNo7d","image_id":"7000630abdbb44309bcacc7593564300","camera_matrix":[-0.9995653961451317,0,0.02947912531309205,0,0.023849113357600166,0.587785252292473,0.8086653924705381,0,-0.01732739510951725,0.8090169943749469,-0.5875297985559923,0,0,0,0,1],"camera_pose_matrix":[0.999479000051158,-0.03224357977004471,0.0020086105954220954,0,-0.0016461002497792617,0.011265480265494896,0.9999359994412549,0,-0.032264100910337816,-0.9994170005587448,0.01120651977575452,0,0.997612,-6.01655,4.97413,1],"world_frame_matrix":[-0.33542960009945844,-0.020310820994634764,0.9418457294134343,0,-0.9418707356664392,-0.013033646286039825,-0.33571947339800073,0,0.019094358339661287,-0.9997087188551792,-0.014758454873567419,0,0,0,0,1],"cubemap_frame_matrix":[1,0,0,0,0,-1,-1.2246467991473532e-16,0,0,1.2246467991473532e-16,-1,0,0,0,0,1],"cam_rotation":{"_x":-0.9424777960769379,"_y":3.1710760502259276,"_z":0,"_order":"YXZ"},"heading":3.142105387066336,"elevation":-0.9312149667115167,"mouse_left_top":{"x":-0.25877192982456143,"y":0.10769230769230764,"z":0.5},"mouse_right_top":{"x":0.3850877192982456,"y":0.10769230769230764,"z":0.5},"mouse_left_bottom":{"x":-0.25877192982456143,"y":-0.5138461538461538,"z":0.5},"mouse_right_bottom":{"x":0.3850877192982456,"y":-0.5138461538461538,"z":0.5},"obj_name":"table"},{"scan":"aayBHfsNo7d","image_id":"7000630abdbb44309bcacc7593564300","camera_matrix":[-0.4766773827124044,5.5511151231257796e-17,0.8790783086906713,0,0.6002201433591015,0.7306207804221841,0.3254674403396717,0,-0.6422728799477923,0.6827834760854116,-0.34827040136694115,0,0,0,0,1],"camera_pose_matrix":[0.999479000051158,-0.03224357977004471,0.0020086105954220954,0,-0.0016461002497792617,0.011265480265494896,0.9999359994412549,0,-0.032264100910337816,-0.9994170005587448,0.01120651977575452,0,0.997612,-6.01655,4.97413,1],"world_frame_matrix":[-0.33542960009945844,-0.020310820994634764,0.9418457294134343,0,-0.9418707356664392,-0.013033646286039825,-0.33571947339800073,0,0.019094358339661287,-0.9997087188551792,-0.014758454873567419,0,0,0,0,1],"cubemap_frame_matrix":[1,0,0,0,0,-1,-1.2246467991473532e-16,0,0,1.2246467991473532e-16,-1,0,0,0,0,1],"cam_rotation":{"_x":-0.7515656271280199,"_y":4.215517818393061,"_z":0,"_order":"YXZ"},"heading":2.1081531201608517,"elevation":-0.7444212105346208,"mouse_left_top":{"x":-0.237719298245614,"y":0.43999999999999995,"z":0.5},"mouse_right_top":{"x":0.1780701754385965,"y":0.43999999999999995,"z":0.5},"mouse_left_bottom":{"x":-0.237719298245614,"y":-0.2861538461538462,"z":0.5},"mouse_right_bottom":{"x":0.1780701754385965,"y":-0.2861538461538462,"z":0.5},"obj_name":"chair"},{"scan":"aayBHfsNo7d","image_id":"7000630abdbb44309bcacc7593564300","camera_matrix":[-0.4860915265418022,0,-0.8739079058025848,0,-0.5873695157341768,0.7404437591453231,0.326711021437816,0,0.647079654919283,0.6721183225762725,-0.3599234372013006,0,0,0,0,1],"camera_pose_matrix":[0.999479000051158,-0.03224357977004471,0.0020086105954220954,0,-0.0016461002497792617,0.011265480265494896,0.9999359994412549,0,-0.032264100910337816,-0.9994170005587448,0.01120651977575452,0,0.997612,-6.01655,4.97413,1],"world_frame_matrix":[-0.33542950979224295,-0.020310867601607902,0.9418457117409725,0,-0.9418706890594893,-0.013033476233530208,-0.33571950683985047,0,0.01909434066719079,-0.9997086854132959,-0.014758375128148074,0,0,0,0,1],"cubemap_frame_matrix":[1,0,0,0,0,-1,-1.2246467991473532e-16,0,0,1.2246467991473532e-16,-1,0,0,0,0,1],"cam_rotation":{"_x":-0.7370659687268363,"_y":-4.204777228136424,"_z":-7.597806238029676e-17,"_order":"YXZ"},"heading":4.227314590482611,"elevation":-0.7333214213336641,"mouse_left_top":{"x":-0.17982456140350878,"y":0.5261538461538462,"z":0.5},"mouse_right_top":{"x":0.2026315789473685,"y":0.5261538461538462,"z":0.5},"mouse_left_bottom":{"x":-0.17982456140350878,"y":-0.21538461538461529,"z":0.5},"mouse_right_bottom":{"x":0.2026315789473685,"y":-0.21538461538461529,"z":0.5},"obj_name":"chair"},{"scan":"aayBHfsNo7d","image_id":"7000630abdbb44309bcacc7593564300","camera_matrix":[-0.9938702795239713,0,0.11055255528001601,0,0.05232016130736956,0.8809225092460484,0.4703595788590002,0,-0.0973882344008342,0.47326053364256465,-0.8755227005033286,0,0,0,0,1],"camera_pose_matrix":[0.999479000051158,-0.03224357977004471,0.0020086105954220954,0,-0.0016461002497792617,0.011265480265494896,0.9999359994412549,0,-0.032264100910337816,-0.9994170005587448,0.01120651977575452,0,0.997612,-6.01655,4.97413,1],"world_frame_matrix":[-0.3354295409742432,-0.020310851508776435,0.9418457178430604,0,-0.9418707051523129,-0.013033534950625002,-0.3357194952927812,0,0.019094346769281737,-0.9997086969603768,-0.014758402663285188,0,0,0,0,1],"cubemap_frame_matrix":[1,0,0,0,0,-1,-1.2246467991473532e-16,0,0,1.2246467991473532e-16,-1,0,0,0,0,1],"cam_rotation":{"_x":-0.4929883856402446,"_y":3.2523716495951374,"_z":0,"_order":"YXZ"},"heading":3.0626738828660445,"elevation":-0.4816282576412434,"mouse_left_top":{"x":-0.025438596491228038,"y":0.20307692307692304,"z":0.5},"mouse_right_top":{"x":0.20438596491228078,"y":0.20307692307692304,"z":0.5},"mouse_left_bottom":{"x":-0.025438596491228038,"y":-0.34153846153846157,"z":0.5},"mouse_right_bottom":{"x":0.20438596491228078,"y":-0.34153846153846157,"z":0.5},"obj_name":"chair"},{"scan":"aayBHfsNo7d","image_id":"7000630abdbb44309bcacc7593564300","camera_matrix":[-0.9133225612252711,-2.7755575615628886e-17,0.4072369079011734,0,0.21320009996875783,0.8520082045215716,0.4781503286637364,0,-0.3469691867157954,0.523528432301367,-0.7781583155385864,0,0,0,0,1],"camera_pose_matrix":[0.999479000051158,-0.03224357977004471,0.0020086105954220954,0,-0.0016461002497792617,0.011265480265494896,0.9999359994412549,0,-0.032264100910337816,-0.9994170005587448,0.01120651977575452,0,0.997612,-6.01655,4.97413,1],"world_frame_matrix":[-0.3354295302074734,-0.02031085706543746,0.9418457157360826,0,-0.9418706995956545,-0.013033514676317961,-0.3357194992798455,0,0.019094344662302868,-0.9997086929733084,-0.014758393155733103,0,0,0,0,1],"cubemap_frame_matrix":[1,0,0,0,0,-1,-1.2246467991473532e-16,0,0,1.2246467991473532e-16,-1,0,0,0,0,1],"cam_rotation":{"_x":-0.5509870192449793,"_y":-2.722165958284399,"_z":-2.3630548082529952e-17,"_order":"YXZ"},"heading":2.756077020430265,"elevation":-0.5399315016461557,"mouse_left_top":{"x":-0.08157894736842108,"y":0.3353846153846154,"z":0.5},"mouse_right_top":{"x":0.14473684210526305,"y":0.3353846153846154,"z":0.5},"mouse_left_bottom":{"x":-0.08157894736842108,"y":-0.2861538461538462,"z":0.5},"mouse_right_bottom":{"x":0.14473684210526305,"y":-0.2861538461538462,"z":0.5},"obj_name":"chair"},{"scan":"aayBHfsNo7d","image_id":"7000630abdbb44309bcacc7593564300","camera_matrix":[-0.9464407182305067,-2.7755575615628886e-17,-0.3228776345232372,0,-0.1528052416157165,0.8809225092460483,0.4479130393708225,0,0.28443017598363873,0.47326053364256465,-0.8337409323562504,0,0,0,0,1],"camera_pose_matrix":[0.999479000051158,-0.03224357977004471,0.0020086105954220954,0,-0.0016461002497792617,0.011265480265494896,0.9999359994412549,0,-0.032264100910337816,-0.9994170005587448,0.01120651977575452,0,0.997612,-6.01655,4.97413,1],"world_frame_matrix":[-0.3354295302074734,-0.02031085706543746,0.9418457157360826,0,-0.9418706995956545,-0.013033514676317961,-0.3357194992798455,0,0.019094344662302868,-0.9997086929733084,-0.014758393155733103,0,0,0,0,1],"cubemap_frame_matrix":[1,0,0,0,0,-1,-1.2246467991473532e-16,0,0,1.2246467991473532e-16,-1,0,0,0,0,1],"cam_rotation":{"_x":-0.4929883856402448,"_y":-3.4703610507840725,"_z":-2.3630548082529952e-17,"_order":"YXZ"},"heading":3.4996994629976426,"elevation":-0.4830224427007281,"mouse_left_top":{"x":-0.09912280701754383,"y":0.2676923076923077,"z":0.5},"mouse_right_top":{"x":0.19561403508771935,"y":0.2676923076923077,"z":0.5},"mouse_left_bottom":{"x":-0.09912280701754383,"y":-0.2676923076923077,"z":0.5},"mouse_right_bottom":{"x":0.19561403508771935,"y":-0.2676923076923077,"z":0.5},"obj_name":"chair"},{"scan":"aayBHfsNo7d","image_id":"7000630abdbb44309bcacc7593564300","camera_matrix":[-0.9996428385981816,-2.7755575615628892e-17,0.02672443150691694,0,0.021620519254105085,0.5877852522924731,0.808728044731142,0,-0.015708226715666115,0.8090169943749466,-0.5875753180877963,0,0,0,0,1],"camera_pose_matrix":[0.999479000051158,-0.03224357977004471,0.0020086105954220954,0,-0.0016461002497792617,0.011265480265494896,0.9999359994412549,0,-0.032264100910337816,-0.9994170005587448,0.01120651977575452,0,0.997612,-6.01655,4.97413,1],"world_frame_matrix":[-0.3354295339251101,-0.020310855146788823,0.9418457164635968,0,-0.9418707015143022,-0.013033521676793582,-0.33571949790316014,0,0.019094345389817555,-0.9997086943499957,-0.014758396438576633,0,0,0,0,1],"cubemap_frame_matrix":[1,0,0,0,0,-1,-1.2246467991473532e-16,0,0,1.2246467991473532e-16,-1,0,0,0,0,1],"cam_rotation":{"_x":-0.9424777960769379,"_y":3.168320267196464,"_z":-4.7261096165059904e-17,"_order":"YXZ"},"heading":3.144819270808176,"elevation":-0.93121956107925,"mouse_left_top":{"x":-0.035964912280701755,"y":0.1415384615384615,"z":0.5},"mouse_right_top":{"x":0.13070175438596499,"y":0.1415384615384615,"z":0.5},"mouse_left_bottom":{"x":-0.035964912280701755,"y":-0.1661538461538461,"z":0.5},"mouse_right_bottom":{"x":0.13070175438596499,"y":-0.1661538461538461,"z":0.5},"obj_name":"plant"},{"scan":"aayBHfsNo7d","image_id":"bd2827c564534256b48e64c1b9f4048f","camera_matrix":[0.999728213729543,0,-0.023313057996237875,0,-0.002754142675156454,0.9929972652194896,-0.11810523258831138,0,0.023149802834167565,0.11813734069554062,0.9927273821962018,0,0,0,0,1],"camera_pose_matrix":[0.999479000051158,-0.03224357977004471,0.0020086105954220954,0,-0.0016461002497792617,0.011265480265494896,0.9999359994412549,0,-0.032264100910337816,-0.9994170005587448,0.01120651977575452,0,9.54752,-3.50287,5.03981,1],"world_frame_matrix":[-0.9929726261862813,0.003687429079818335,-0.11827211336046294,0,0.11832811277243731,0.025666446311440903,-0.99264255199494,0,-0.0006246740329322594,-0.9996635236320247,-0.02592247037567599,0,0,0,0,1],"cubemap_frame_matrix":[1,0,0,0,0,-1,-1.2246467991473532e-16,0,0,1.2246467991473532e-16,-1,0,0,0,0,1],"cam_rotation":{"_x":-0.11841387694299989,"_y":0.023315170282237715,"_z":0,"_order":"YXZ"},"heading":0.009163225555310683,"elevation":-0.12966427074988254,"mouse_left_top":{"x":-0.030701754385964897,"y":0.08307692307692305,"z":0.5},"mouse_right_top":{"x":0.023684210526315752,"y":0.08307692307692305,"z":0.5},"mouse_left_bottom":{"x":-0.030701754385964897,"y":-0.15384615384615374,"z":0.5},"mouse_right_bottom":{"x":0.023684210526315752,"y":-0.15384615384615374,"z":0.5},"obj_name":"tap"},{"scan":"aayBHfsNo7d","image_id":"bd2827c564534256b48e64c1b9f4048f","camera_matrix":[0.999728213729543,0,-0.023313057996237875,0,-0.002754142675156454,0.9929972652194896,-0.11810523258831138,0,0.023149802834167565,0.11813734069554062,0.9927273821962018,0,0,0,0,1],"camera_pose_matrix":[0.999479000051158,-0.03224357977004471,0.0020086105954220954,0,-0.0016461002497792617,0.011265480265494896,0.9999359994412549,0,-0.032264100910337816,-0.9994170005587448,0.01120651977575452,0,9.54752,-3.50287,5.03981,1],"world_frame_matrix":[-0.9929726261862813,0.003687429079818335,-0.11827211336046294,0,0.11832811277243731,0.025666446311440903,-0.99264255199494,0,-0.0006246740329322594,-0.9996635236320247,-0.02592247037567599,0,0,0,0,1],"cubemap_frame_matrix":[1,0,0,0,0,-1,-1.2246467991473532e-16,0,0,1.2246467991473532e-16,-1,0,0,0,0,1],"cam_rotation":{"_x":-0.11841387694299989,"_y":0.023315170282237715,"_z":0,"_order":"YXZ"},"heading":0.009163225555310683,"elevation":-0.12966427074988254,"mouse_left_top":{"x":-0.1043859649122807,"y":-0.11692307692307691,"z":0.5},"mouse_right_top":{"x":0.14473684210526305,"y":-0.11692307692307691,"z":0.5},"mouse_left_bottom":{"x":-0.1043859649122807,"y":-0.24923076923076914,"z":0.5},"mouse_right_bottom":{"x":0.14473684210526305,"y":-0.24923076923076914,"z":0.5},"obj_name":"sink"},{"scan":"aayBHfsNo7d","image_id":"bd2827c564534256b48e64c1b9f4048f","camera_matrix":[0.9462284932691097,0,0.3234990549069178,0,0.012505218925965535,0.99925257279313,-0.03657752405403917,0,-0.3232572629118837,0.03865612197712207,0.945521256349325,0,0,0,0,1],"camera_pose_matrix":[0.999479000051158,-0.03224357977004471,0.0020086105954220954,0,-0.0016461002497792617,0.011265480265494896,0.9999359994412549,0,-0.032264100910337816,-0.9994170005587448,0.01120651977575452,0,9.54752,-3.50287,5.03981,1],"world_frame_matrix":[-0.9929726260415404,0.0036874297068108294,-0.11827211395700143,0,0.11832811214544386,0.02566645666229308,-0.9926425517671437,0,-0.0006246746294716525,-0.9996635238598205,-0.02592246016956501,0,0,0,0,1],"cubemap_frame_matrix":[1,0,0,0,0,-1,-1.2246467991473532e-16,0,0,1.2246467991473532e-16,-1,0,0,0,0,1],"cam_rotation":{"_x":-0.03866575573648975,"_y":-0.32942505748924783,"_z":0,"_order":"YXZ"},"heading":0.3619270554090006,"elevation":-0.048619480726971954,"mouse_left_top":{"x":-0.0798245614035088,"y":0.38769230769230767,"z":0.5},"mouse_right_top":{"x":0.18508771929824563,"y":0.38769230769230767,"z":0.5},"mouse_left_bottom":{"x":-0.0798245614035088,"y":-0.2923076923076924,"z":0.5},"mouse_right_bottom":{"x":0.18508771929824563,"y":-0.2923076923076924,"z":0.5},"obj_name":null},{"scan":"aayBHfsNo7d","image_id":"bd2827c564534256b48e64c1b9f4048f","camera_matrix":[0.9300404675635378,6.938893903907224e-18,0.3674571113670201,0,0.09138286756378776,0.9685831611286309,-0.23129165893712517,0,-0.3559127705070637,0.2486898871648547,0.9008215360502416,0,0,0,0,1],"camera_pose_matrix":[0.999479000051158,-0.03224357977004471,0.0020086105954220954,0,-0.0016461002497792617,0.011265480265494896,0.9999359994412549,0,-0.032264100910337816,-0.9994170005587448,0.01120651977575452,0,9.54752,-3.50287,5.03981,1],"world_frame_matrix":[-0.992972626042041,0.003687429704643239,-0.11827211395493914,0,0.11832811214761146,0.025666456626509095,-0.9926425517679314,0,-0.0006246746274093184,-0.999663523859033,-0.025922460204848924,0,0,0,0,1],"cubemap_frame_matrix":[1,0,0,0,0,-1,-1.2246467991473532e-16,0,0,1.2246467991473532e-16,-1,0,0,0,0,1],"cam_rotation":{"_x":-0.25132741228718347,"_y":-0.3762733689901483,"_z":0,"_order":"YXZ"},"heading":0.41010391449043326,"elevation":-0.26100745534130215,"mouse_left_top":{"x":-0.10789473684210527,"y":-0.055384615384615365,"z":0.5},"mouse_right_top":{"x":0.14473684210526305,"y":-0.055384615384615365,"z":0.5},"mouse_left_bottom":{"x":-0.10789473684210527,"y":-0.5784615384615384,"z":0.5},"mouse_right_bottom":{"x":0.14473684210526305,"y":-0.5784615384615384,"z":0.5},"obj_name":"washing machine"},{"scan":"aayBHfsNo7d","image_id":"bd2827c564534256b48e64c1b9f4048f","camera_matrix":[0.9989713465322867,7.806255641895626e-18,-0.04534587971876178,0,0.012756292239006772,0.9596166696533058,0.2810215727160653,0,0.043514662078217574,-0.2813109441943161,0.9586295566383918,0,0,0,0,1],"camera_pose_matrix":[0.999479000051158,-0.03224357977004471,0.0020086105954220954,0,-0.0016461002497792617,0.011265480265494896,0.9999359994412549,0,-0.032264100910337816,-0.9994170005587448,0.01120651977575452,0,9.54752,-3.50287,5.03981,1],"world_frame_matrix":[-0.9929726260420387,0.003687429704650728,-0.11827211395494626,0,0.11832811214760396,0.025666456626633298,-0.9926425517679285,0,-0.0006246746274164194,-0.9996635238590356,-0.025922460204726962,0,0,0,0,1],"cubemap_frame_matrix":[1,0,0,0,0,-1,-1.2246467991473532e-16,0,0,1.2246467991473532e-16,-1,0,0,0,0,1],"cam_rotation":{"_x":0.28515994855661186,"_y":0.04536143451795561,"_z":7.163962974352926e-18,"_order":"YXZ"},"heading":6.269654908705404,"elevation":0.2738734091151666,"mouse_left_top":{"x":-0.15701754385964917,"y":0.3138461538461539,"z":0.5},"mouse_right_top":{"x":0.16754385964912277,"y":0.3138461538461539,"z":0.5},"mouse_left_bottom":{"x":-0.15701754385964917,"y":-0.2584615384615385,"z":0.5},"mouse_right_bottom":{"x":0.16754385964912277,"y":-0.2584615384615385,"z":0.5},"obj_name":"cabinet"},{"scan":"aayBHfsNo7d","image_id":"bd2827c564534256b48e64c1b9f4048f","camera_matrix":[0.9992060990605934,6.938893903907223e-18,-0.03983932228477391,0,-0.017656450819015245,0.8964269372957038,-0.4428396954148528,0,0.03571304165967636,0.4431915455992406,0.8957152631080757,0,0,0,0,1],"camera_pose_matrix":[0.999479000051158,-0.03224357977004471,0.0020086105954220954,0,-0.0016461002497792617,0.011265480265494896,0.9999359994412549,0,-0.032264100910337816,-0.9994170005587448,0.01120651977575452,0,9.54752,-3.50287,5.03981,1],"world_frame_matrix":[-0.9929726260420387,0.003687429704650728,-0.11827211395494626,0,0.11832811214760396,0.025666456626633298,-0.9926425517679285,0,-0.0006246746274164194,-0.9996635238590356,-0.025922460204726962,0,0,0,0,1],"cubemap_frame_matrix":[1,0,0,0,0,-1,-1.2246467991473532e-16,0,0,1.2246467991473532e-16,-1,0,0,0,0,1],"cam_rotation":{"_x":-0.45915584937081544,"_y":0.039849868459026036,"_z":7.163962974352926e-18,"_order":"YXZ"},"heading":6.276380635762854,"elevation":-0.47043326605199703,"mouse_left_top":{"x":-0.1657894736842105,"y":0.15076923076923077,"z":0.5},"mouse_right_top":{"x":0.13771929824561413,"y":0.15076923076923077,"z":0.5},"mouse_left_bottom":{"x":-0.1657894736842105,"y":-0.3353846153846154,"z":0.5},"mouse_right_bottom":{"x":0.13771929824561413,"y":-0.3353846153846154,"z":0.5},"obj_name":"cabinet"},{"scan":"aayBHfsNo7d","image_id":"bd2827c564534256b48e64c1b9f4048f","camera_matrix":[0.9320515954014938,1.3877787807814446e-17,0.3623255766703868,0,-0.18443872451086354,0.8607420270039434,0.4744528636755689,0,-0.31186885129864156,-0.5090414157503709,0.8022559794981415,0,0,0,0,1],"camera_pose_matrix":[0.999479000051158,-0.03224357977004471,0.0020086105954220954,0,-0.0016461002497792617,0.011265480265494896,0.9999359994412549,0,-0.032264100910337816,-0.9994170005587448,0.01120651977575452,0,9.54752,-3.50287,5.03981,1],"world_frame_matrix":[-0.9929726260420384,0.0036874297046506957,-0.1182721139549462,0,0.11832811214760398,0.02566645662663295,-0.9926425517679284,0,-0.0006246746274163705,-0.9996635238590355,-0.02592246020472761,0,0,0,0,1],"cubemap_frame_matrix":[1,0,0,0,0,-1,-1.2246467991473532e-16,0,0,1.2246467991473532e-16,-1,0,0,0,0,1],"cam_rotation":{"_x":0.5340707511102648,"_y":-0.37076180293121885,"_z":9.942489975001623e-18,"_order":"YXZ"},"heading":0.3995625054238181,"elevation":0.5243430992233031,"mouse_left_top":{"x":-0.11491228070175441,"y":0.03384615384615386,"z":0.5},"mouse_right_top":{"x":0.20789473684210535,"y":0.03384615384615386,"z":0.5},"mouse_left_bottom":{"x":-0.11491228070175441,"y":-0.37230769230769223,"z":0.5},"mouse_right_bottom":{"x":0.20789473684210535,"y":-0.37230769230769223,"z":0.5},"obj_name":"cabinet"},{"scan":"aayBHfsNo7d","image_id":"bd2827c564534256b48e64c1b9f4048f","camera_matrix":[0.9393406717331975,4.1633363423443333e-17,0.3429855717487597,0,-0.19278648872308723,0.8270805742745617,0.527987777721685,0,-0.28367670364985315,-0.56208337785213,0.7769104222165458,0,0,0,0,1],"camera_pose_matrix":[0.999479000051158,-0.03224357977004471,0.0020086105954220954,0,-0.0016461002497792617,0.011265480265494896,0.9999359994412549,0,-0.032264100910337816,-0.9994170005587448,0.01120651977575452,0,9.54752,-3.50287,5.03981,1],"world_frame_matrix":[-0.9929726260420381,0.0036874297046506736,-0.11827211395494619,0,0.118328112147604,0.025666456626632948,-0.9926425517679283,0,-0.0006246746274163496,-0.9996635238590355,-0.02592246020472761,0,0,0,0,1],"cubemap_frame_matrix":[1,0,0,0,0,-1,-1.2246467991473532e-16,0,0,1.2246467991473532e-16,-1,0,0,0,0,1],"cam_rotation":{"_x":0.5969026041820604,"_y":-0.35009343021023337,"_z":6.449220496933339e-17,"_order":"YXZ"},"heading":0.37851335216282855,"elevation":0.5870536893360948,"mouse_left_top":{"x":-0.13070175438596487,"y":0.25538461538461543,"z":0.5},"mouse_right_top":{"x":0.050000000000000044,"y":0.25538461538461543,"z":0.5},"mouse_left_bottom":{"x":-0.13070175438596487,"y":0.009230769230769265,"z":0.5},"mouse_right_bottom":{"x":0.050000000000000044,"y":0.009230769230769265,"z":0.5},"obj_name":"exhaust fan"},{"scan":"aayBHfsNo7d","image_id":"f15cd6746d1f4b7a804ede38d47cfa03","camera_matrix":[0.9996386018768679,2.7105054312137587e-20,-0.026882441065850145,0,0.0003248139397599624,0.9999270008556104,0.012078387963965122,0,0.026880478670653248,-0.012082754648817454,0.9995656291142326,0,0,0,0,1],"camera_pose_matrix":[0.999479000051158,-0.03224357977004471,0.0020086105954220954,0,-0.0016461002497792617,0.011265480265494896,0.9999359994412549,0,-0.032264100910337816,-0.9994170005587448,0.01120651977575452,0,10.7145,-4.42966,5.03436,1],"world_frame_matrix":[0.014481117746526856,0.017080938890674763,-0.9997487544119362,0,0.9998926434883062,0.0017362090551209023,0.014512631686848975,0,0.0019834342475060947,-0.9998524912176734,-0.01705375231906453,0,0,0,0,1],"cubemap_frame_matrix":[1,0,0,0,0,-1,-1.2246467991473532e-16,0,0,1.2246467991473532e-16,-1,0,0,0,0,1],"cam_rotation":{"_x":0.012083048667653137,"_y":0.026885679955315222,"_z":0,"_order":"YXZ"},"heading":0.00536374809225082,"elevation":0.0008263366637888552,"mouse_left_top":{"x":-0.36754385964912284,"y":0.7353846153846153,"z":0.5},"mouse_right_top":{"x":0.2885964912280701,"y":0.7353846153846153,"z":0.5},"mouse_left_bottom":{"x":-0.36754385964912284,"y":-0.7107692307692308,"z":0.5},"mouse_right_bottom":{"x":0.2885964912280701,"y":-0.7107692307692308,"z":0.5},"obj_name":"painting"},{"scan":"aayBHfsNo7d","image_id":"5fdff4b578f24ff98a213299f3d91576","camera_matrix":[0.6943369968263