[{"scan":"B6ByNegPMKs","image_id":"877db3b02a2f4493b25fa21a47ef97e5","camera_matrix":[0.589604965941078,2.7755575615628914e-17,0.8076917630740209,0,0.4211853552271019,0.8532708793315691,-0.30746008363192606,0,-0.6891798609070351,0.5214679342823785,0.5030927477468035,0,0,0,0,1],"camera_pose_matrix":[0.05610477707484865,0.9982427840630571,0.019022899616124266,0,0.0022051359369429347,-0.01917656447290897,0.9998128026421953,0,0.9984218003838328,-0.05605219735784696,-0.0032769784520836386,0,50.9507,-19.8415,1.45145,1],"world_frame_matrix":[-0.9992053818827771,-0.009887714706707107,-0.03864230662011833,0,0.03867928217099689,-0.0035796925905039255,-0.9992455246338688,0,0.009741919842996388,-0.9999454219001875,0.00395929613467047,0,0,0,0,1],"cubemap_frame_matrix":[1,0,0,0,0,-1,-1.2246467991473532e-16,0,0,1.2246467991473532e-16,-1,0,0,0,0,1],"cam_rotation":{"_x":-0.5485704095114485,"_y":-0.9402266634944543,"_z":0,"_order":"YXZ"},"heading":5.713838199245264,"elevation":-0.5312505763239388,"mouse_left_top":{"x":-0.2701754385964912,"y":0.5015384615384615,"z":0.5},"mouse_right_top":{"x":-0.024561403508771895,"y":0.5015384615384615,"z":0.5},"mouse_left_bottom":{"x":-0.2701754385964912,"y":-0.06153846153846154,"z":0.5},"mouse_right_bottom":{"x":-0.024561403508771895,"y":-0.06153846153846154,"z":0.5},"obj_name":"computer"},{"scan":"B6ByNegPMKs","image_id":"877db3b02a2f4493b25fa21a47ef97e5","camera_matrix":[0.589604965941078,0,0.8076917630740209,0,0.4211853552271019,0.8532708793315691,-0.3074600836319261,0,-0.6891798609070351,0.5214679342823785,0.5030927477468035,0,0,0,0,1],"camera_pose_matrix":[0.05610511712941384,0.998242515956479,0.01902261546828196,0,0.0022048678303685544,-0.019176186448306484,0.999812536215643,0,0.9984215162359327,-0.05605246378445703,-0.0032766203003867914,0,50.9507,-19.8415,1.45145,1],"world_frame_matrix":[-0.9992053818835359,-0.009887714691508974,-0.03864230661112379,0,0.03867928218619502,-0.0035796932201447263,-0.9992455246311556,0,0.00974191983400185,-0.9999454219029009,0.003959295504270944,0,0,0,0,1],"cubemap_frame_matrix":[1,0,0,0,0,-1,-1.2246467991473532e-16,0,0,1.2246467991473532e-16,-1,0,0,0,0,1],"cam_rotation":{"_x":-0.5485704095114485,"_y":-0.9402266634944543,"_z":0,"_order":"YXZ"},"heading":5.713838549438609,"elevation":-0.5312510277192963,"mouse_left_top":{"x":0.5473684210526315,"y":0.11692307692307691,"z":0.5},"mouse_right_top":{"x":0.6578947368421053,"y":0.11692307692307691,"z":0.5},"mouse_left_bottom":{"x":0.5473684210526315,"y":-0.12615384615384606,"z":0.5},"mouse_right_bottom":{"x":0.6578947368421053,"y":-0.12615384615384606,"z":0.5},"obj_name":"telephone"},{"scan":"B6ByNegPMKs","image_id":"235da87c4719411a88cf0f003e62f207","camera_matrix":[-0.965867937624882,0,-0.2590349919764825,0,-0.14559926327204087,0.8270805742745617,0.5428983129392648,0,0.21424280992111566,0.5620833778521306,-0.798850608524174,0,0,0,0,1],"camera_pose_matrix":[0.05610559855992428,0.9982421363857804,0.019022213187226703,0,0.002204488259683148,-0.019175651261902658,0.9998121590234349,0,0.9984211139548022,-0.05605284097674888,-0.00327611324894899,0,52.3598,-22.409,1.45917,1],"world_frame_matrix":[0.9927772430292202,0.015795007701093818,-0.11893744936374528,0,0.1190402486377259,-0.005734366039875694,0.9928737829827542,0,0.015000399388826179,-0.9998595988017213,-0.007573180338312564,0,0,0,0,1],"cubemap_frame_matrix":[1,0,0,0,0,-1,-1.2246467991473532e-16,0,0,1.2246467991473532e-16,-1,0,0,0,0,1],"cam_rotation":{"_x":-0.5969026041820608,"_y":-3.403615612742258,"_z":0,"_order":"YXZ"},"heading":1.8768868571569497,"elevation":-0.6048895022710572,"mouse_left_top":{"x":0.11228070175438587,"y":0.4523076923076923,"z":0.5},"mouse_right_top":{"x":0.3754385964912281,"y":0.4523076923076923,"z":0.5},"mouse_left_bottom":{"x":0.11228070175438587,"y":-0.06769230769230772,"z":0.5},"mouse_right_bottom":{"x":0.3754385964912281,"y":-0.06769230769230772,"z":0.5},"obj_name":"computer"},{"scan":"B6ByNegPMKs","image_id":"0fb43b728c084591a3510f9dc08f0532","camera_matrix":[0.04069313583515699,0,-0.9991716913002999,0,-0.63316760653174,0.773585041236033,-0.025786934961584795,0,0.7729442740164194,0.6336924995420455,0.031479601163063364,0,0,0,0,1],"camera_pose_matrix":[0.05610477707484865,0.9982427840630571,0.019022899616124266,0,0.0022051359369429347,-0.01917656447290897,0.9998128026421953,0,0.9984218003838328,-0.05605219735784696,-0.0032769784520836386,0,44.5317,-24.7166,1.45391,1],"world_frame_matrix":[0.20379933785733378,-0.007558121391691782,0.9789846963879453,0,-0.9789865481977605,-0.009104026707722273,0.20372978623930996,0,0.0073725328235501675,-0.9999307187070504,-0.00925495260861824,0,0,0,0,1],"cubemap_frame_matrix":[1,0,0,0,0,-1,-1.2246467991473532e-16,0,0,1.2246467991473532e-16,-1,0,0,0,0,1],"cam_rotation":{"_x":-0.6863171643226935,"_y":1.5300919517430247,"_z":0,"_order":"YXZ"},"heading":3.2418182389567285,"elevation":-0.7051851818664882,"mouse_left_top":{"x":-0.5736842105263158,"y":0.41846153846153844,"z":0.5},"mouse_right_top":{"x":0.07543859649122808,"y":0.41846153846153844,"z":0.5},"mouse_left_bottom":{"x":-0.5736842105263158,"y":-0.6707692307692308,"z":0.5},"mouse_right_bottom":{"x":0.07543859649122808,"y":-0.6707692307692308,"z":0.5},"obj_name":"chair"},{"scan":"B6ByNegPMKs","image_id":"0fb43b728c084591a3510f9dc08f0532","camera_matrix":[0.6562750180734784,-1.387778780781446e-16,-0.7545217695021503,0,-0.44349676864698473,0.8090169943749471,-0.38574877707156713,0,0.6104209341530964,0.5877852522924736,0.5309376426051696,0,0,0,0,1],"camera_pose_matrix":[0.05610511712941384,0.998242515956479,0.01902261546828196,0,0.0022048678303685544,-0.019176186448306484,0.999812536215643,0,0.9984215162359327,-0.05605246378445703,-0.0032766203003867914,0,44.5317,-24.7166,1.45391,1],"world_frame_matrix":[0.20379892761681248,-0.007558582913579896,0.9789850850209271,0,-0.9789870097198884,-0.00910454613571159,0.20372941372276582,0,0.007372921456360889,-0.9999310912232369,-0.00925553184067801,0,0,0,0,1],"cubemap_frame_matrix":[1,0,0,0,0,-1,-1.2246467991473532e-16,0,0,1.2246467991473532e-16,-1,0,0,0,0,1],"cam_rotation":{"_x":-0.6283185307179591,"_y":0.8549251095241664,"_z":-1.4351660973837397e-16,"_order":"YXZ"},"heading":3.9246336001462305,"elevation":-0.6404392083585384,"mouse_left_top":{"x":-0.18947368421052635,"y":0.2861538461538462,"z":0.5},"mouse_right_top":{"x":-0.015789473684210575,"y":0.2861538461538462,"z":0.5},"mouse_left_bottom":{"x":-0.18947368421052635,"y":0.13538461538461544,"z":0.5},"mouse_right_bottom":{"x":-0.015789473684210575,"y":0.13538461538461544,"z":0.5},"obj_name":"book"},{"scan":"B6ByNegPMKs","image_id":"78bed5216700412fbbf0b50abd153192","camera_matrix":[-0.9998149324172714,0,-0.019238007054980015,0,-0.011194685217716363,0.8132570388484441,0.5817969300248464,0,0.015645444650878526,0.5819046217065647,-0.8131065313341275,0,0,0,0,1],"camera_pose_matrix":[0.05610559855992428,0.9982421363857804,0.019022213187226703,0,0.002204488259683148,-0.019175651261902658,0.9998121590234349,0,0.9984211139548022,-0.05605284097674888,-0.00327611324894899,0,46.1999,-27.852,1.46169,1],"world_frame_matrix":[0.9978650161674383,0.00774651883013826,0.06486459974639155,0,-0.06484197429658216,-0.0031341303555292243,0.9978912461723479,0,0.007933465286036069,-0.999965172244459,-0.002625135415040147,0,0,0,0,1],"cubemap_frame_matrix":[1,0,0,0,0,-1,-1.2246467991473532e-16,0,0,1.2246467991473532e-16,-1,0,0,0,0,1],"cam_rotation":{"_x":-0.6210687015173667,"_y":3.1223534596697986,"_z":0,"_order":"YXZ"},"heading":1.6325170347751925,"elevation":-0.6245812974166407,"mouse_left_top":{"x":-0.42280701754385963,"y":0.6461538461538461,"z":0.5},"mouse_right_top":{"x":0.3508771929824561,"y":0.6461538461538461,"z":0.5},"mouse_left_bottom":{"x":-0.42280701754385963,"y":-0.7046153846153846,"z":0.5},"mouse_right_bottom":{"x":0.3508771929824561,"y":-0.7046153846153846,"z":0.5},"obj_name":"printer"},{"scan":"B6ByNegPMKs","image_id":"2acbfb62396d4ebc8a6e4d651f72004f","camera_matrix":[-0.990116446490025,-1.7347234759768075e-18,0.14024771794922652,0,0.029269636598922157,0.9779798029253238,0.20663686370904705,0,-0.13715943556071095,0.2086995569476473,-0.9683138872114365,0,0,0,0,1],"camera_pose_matrix":[0.05610628014105977,0.9982415990114369,0.019021643660851448,0,0.002203950885373757,-0.019174893576303687,0.9998116250164241,0,0.9984205444283334,-0.0560533749838813,-0.0032753953951912204,0,46.2565,-29.7112,1.46609,1],"world_frame_matrix":[0.9998618585506983,0.004978881200261187,0.0159164123350341,0,-0.015826618818697954,-0.017580124290930206,0.9997203842673851,0,0.005257295924802407,-0.9998331172478474,-0.017498878214451036,0,0,0,0,1],"cubemap_frame_matrix":[1,0,0,0,0,-1,-1.2246467991473532e-16,0,0,1.2246467991473532e-16,-1,0,0,0,0,1],"cam_rotation":{"_x":-0.2102450468171631,"_y":3.28230425459179,"_z":0,"_order":"YXZ"},"heading":1.4820760404571338,"elevation":-0.2107805682374314,"mouse_left_top":{"x":-0.11228070175438598,"y":-0.17230769230769227,"z":0.5},"mouse_right_top":{"x":-0.015789473684210575,"y":-0.17230769230769227,"z":0.5},"mouse_left_bottom":{"x":-0.11228070175438598,"y":-0.29846153846153856,"z":0.5},"mouse_right_bottom":{"x":-0.015789473684210575,"y":-0.29846153846153856,"z":0.5},"obj_name":"stapler"},{"scan":"B6ByNegPMKs","image_id":"ed4f2432f7bb453680779d5beadac7d0","camera_matrix":[0.29300311981209304,0,-0.9561114850164595,0,-0.12212452088025932,0.9918089231223063,-0.037425411350285244,0,0.9482799023390439,0.12773041930163287,0.2906031087323081,0,0,0,0,1],"camera_pose_matrix":[0.05610628014105977,0.9982415990114369,0.019021643660851448,0,0.002203950885373757,-0.019174893576303687,0.9998116250164241,0,0.9984205444283334,-0.0560533749838813,-0.0032753953951912204,0,53.0113,-25.14,1.48023,1],"world_frame_matrix":[0.0372063234408412,0.0006872738698266651,0.9993091729881819,0,-0.9990869417280324,-0.021093614317148734,0.03721344094693752,0,0.021103685428783724,-0.9997790815426418,-0.00009904032335027742,0,0,0,0,1],"cubemap_frame_matrix":[1,0,0,0,0,-1,-1.2246467991473532e-16,0,0,1.2246467991473532e-16,-1,0,0,0,0,1],"cam_rotation":{"_x":-0.12808031587712235,"_y":1.2734300216988101,"_z":0,"_order":"YXZ"},"heading":3.496272780405431,"elevation":-0.14530337308660127,"mouse_left_top":{"x":-0.3789473684210526,"y":-0.04615384615384621,"z":0.5},"mouse_right_top":{"x":-0.028070175438596467,"y":-0.04615384615384621,"z":0.5},"mouse_left_bottom":{"x":-0.3789473684210526,"y":-0.633846153846154,"z":0.5},"mouse_right_bottom":{"x":-0.028070175438596467,"y":-0.633846153846154,"z":0.5},"obj_name":"computer"},{"scan":"B6ByNegPMKs","image_id":"ed4f2432f7bb453680779d5beadac7d0","camera_matrix":[0.2811241330777312,0,-0.9596714134542581,0,-0.4418693373652075,0.8876917838794226,-0.12944027784812875,0,0.8518924289472973,0.460438157446761,0.2495515831833274,0,0,0,0,1],"camera_pose_matrix":[0.05610628014105977,0.9982415990114369,0.019021643660851448,0,0.002203950885373757,-0.019174893576303687,0.9998116250164241,0,0.9984205444283334,-0.0560533749838813,-0.0032753953951912204,0,53.0113,-25.14,1.48023,1],"world_frame_matrix":[0.0372063234408412,0.0006872738698266651,0.9993091729881819,0,-0.9990869417280324,-0.021093614317148734,0.03721344094693752,0,0.021103685428783724,-0.9997790815426418,-0.00009904032335027742,0,0,0,0,1],"cubemap_frame_matrix":[1,0,0,0,0,-1,-1.2246467991473532e-16,0,0,1.2246467991473532e-16,-1,0,0,0,0,1],"cam_rotation":{"_x":-0.47848872723906044,"_y":1.2858310453314001,"_z":0,"_order":"YXZ"},"heading":3.487191944190693,"elevation":-0.4958042404776174,"mouse_left_top":{"x":-0.30175438596491233,"y":-0.39692307692307693,"z":0.5},"mouse_right_top":{"x":-0.0964912280701754,"y":-0.39692307692307693,"z":0.5},"mouse_left_bottom":{"x":-0.30175438596491233,"y":-0.7692307692307692,"z":0.5},"mouse_right_bottom":{"x":-0.0964912280701754,"y":-0.7692307692307692,"z":0.5},"obj_name":"dustbin"},{"scan":"B6ByNegPMKs","image_id":"433e85ac1f964f0fa890b355ba051fc5","camera_matrix":[-0.8722312945812303,0,-0.4890936196201605,0,-0.2680294208192152,0.8364701380102268,0.47799365873666966,0,0.4091122075035971,0.5480125073546694,-0.7295954313552007,0,0,0,0,1],"camera_pose_matrix":[0.056107245080439454,0.9982408382301603,0.019020837360689612,0,0.0022031901041766654,-0.019173820893016006,0.9998108690024137,0,0.9984197381280646,-0.05605413099807064,-0.0032743791033060486,0,56.2011,-25.9055,1.46044,1],"world_frame_matrix":[0.019525390379564748,-0.006118295483969321,-0.9997916264267762,0,0.9998057172897943,0.003179341164403087,0.019506417724325445,0,0.0030595378247826413,-0.9999768145981457,0.006178970878031455,0,0,0,0,1],"cubemap_frame_matrix":[1,0,0,0,0,-1,-1.2246467991473532e-16,0,0,1.2246467991473532e-16,-1,0,0,0,0,1],"cam_rotation":{"_x":-0.579986336047346,"_y":2.630542355182395,"_z":0,"_order":"YXZ"},"heading":2.127971314578369,"elevation":-0.5920715901805768,"mouse_left_top":{"x":-0.08421052631578951,"y":0.3107692307692308,"z":0.5},"mouse_right_top":{"x":0.13859649122807016,"y":0.3107692307692308,"z":0.5},"mouse_left_bottom":{"x":-0.08421052631578951,"y":-0.027692307692307683,"z":0.5},"mouse_right_bottom":{"x":0.13859649122807016,"y":-0.027692307692307683,"z":0.5},"obj_name":"laptop"},{"scan":"B6ByNegPMKs","image_id":"433e85ac1f964f0fa890b355ba051fc5","camera_matrix":[-0.9822632344830835,-6.938893903907227e-18,-0.18750716835052006,0,-0.1094794814050223,0.8118484291339221,0.5735123113448133,0,0.1522274000767196,0.5838682455081649,-0.7974488639110968,0,0,0,0,1],"camera_pose_matrix":[0.056107245080439454,0.9982408382301603,0.019020837360689612,0,0.0022031901041766654,-0.019173820893016006,0.9998108690024137,0,0.9984197381280646,-0.05605413099807064,-0.0032743791033060486,0,56.2011,-25.9055,1.46044,1],"world_frame_matrix":[0.019525390379564748,-0.006118295483969321,-0.9997916264267762,0,0.9998057172897943,0.003179341164403087,0.019506417724325445,0,0.0030595378247826413,-0.9999768145981457,0.006178970878031455,0,0,0,0,1],"cubemap_frame_matrix":[1,0,0,0,0,-1,-1.2246467991473532e-16,0,0,1.2246467991473532e-16,-1,0,0,0,0,1],"cam_rotation":{"_x":-0.6234853112508969,"_y":2.9529689696297674,"_z":0,"_order":"YXZ"},"heading":1.8024156061611984,"elevation":-0.630150387520997,"mouse_left_top":{"x":-0.08245614035087723,"y":0.14769230769230768,"z":0.5},"mouse_right_top":{"x":0.14210526315789473,"y":0.14769230769230768,"z":0.5},"mouse_left_bottom":{"x":-0.08245614035087723,"y":-0.0953846153846154,"z":0.5},"mouse_right_bottom":{"x":0.14210526315789473,"y":-0.0953846153846154,"z":0.5},"obj_name":"newspaper"},{"scan":"B6ByNegPMKs","image_id":"433e85ac1f964f0fa890b355ba051fc5","camera_matrix":[-0.18479955542852594,-5.551115123125781e-17,0.9827762330833089,0,0.6534769864452993,0.7469060554091517,0.12287869050210079,0,-0.7340415196021193,0.6649295785217715,-0.1380279069864851,0,0,0,0,1],"camera_pose_matrix":[0.056108611173857854,0.9982397611679757,0.01901969585590972,0,0.002202113042166194,-0.019172302263274,0.9998097986894098,0,0.9984185966231852,-0.05605520131134074,-0.0032729403085646016,0,56.2011,-25.9055,1.46044,1],"world_frame_matrix":[0.019524996026344665,-0.0061179894775337754,-0.9997919299550879,0,0.9998060232962467,0.0031789395950055843,0.019506116404844388,0,0.0030592342965924837,-0.9999771159174893,0.006178567819477519,0,0,0,0,1],"cubemap_frame_matrix":[1,0,0,0,0,-1,-1.2246467991473532e-16,0,0,1.2246467991473532e-16,-1,0,0,0,0,1],"cam_rotation":{"_x":-0.7273995297927132,"_y":4.5265210794541035,"_z":-8.54703126211579e-18,"_order":"YXZ"},"heading":0.2361458690685987,"elevation":-0.7092916843338577,"mouse_left_top":{"x":-0.5333333333333333,"y":0.4461538461538461,"z":0.5},"mouse_right_top":{"x":-0.08421052631578951,"y":0.4461538461538461,"z":0.5},"mouse_left_bottom":{"x":-0.5333333333333333,"y":-0.2892307692307692,"z":0.5},"mouse_right_bottom":{"x":-0.08421052631578951,"y":-0.2892307692307692,"z":0.5},"obj_name":"chair"},{"scan":"B6ByNegPMKs","image_id":"48ee619d38b142f88914e7e2582bc1d8","camera_matrix":[0.20559298059540732,-2.7755575615628898e-17,0.9786375868164349,0,0.41454250126702163,0.9058533517499616,-0.087087425996186,0,-0.8865021381661617,0.42359143655574494,0.1862370905686146,0,0,0,0,1],"camera_pose_matrix":[0.056110545179755195,0.9982382363464505,0.019018079801400235,0,0.0022005882210112343,-0.0191701523085108,0.999808283422875,0,0.9984169805686385,-0.05605671657827834,-0.0032709033778402243,0,57.6144,-24.9388,1.45132,1],"world_frame_matrix":[0.037451336988815205,0.010866102928696384,-0.9992400375158174,0,0.9992386702871543,0.010665076910982573,0.03756743031353121,0,0.011065330431458718,-0.9998844672673033,-0.010458549045543945,0,0,0,0,1],"cubemap_frame_matrix":[1,0,0,0,0,-1,-1.2246467991473532e-16,0,0,1.2246467991473532e-16,-1,0,0,0,0,1],"cam_rotation":{"_x":-0.4374063617690404,"_y":-1.3637267334497258,"_z":0,"_order":"YXZ"},"heading":6.132556063812016,"elevation":-0.4181208614796027,"mouse_left_top":{"x":-0.2543859649122807,"y":-0.2676923076923077,"z":0.5},"mouse_right_top":{"x":-0.13684210526315788,"y":-0.2676923076923077,"z":0.5},"mouse_left_bottom":{"x":-0.2543859649122807,"y":-0.4307692307692308,"z":0.5},"mouse_right_bottom":{"x":-0.13684210526315788,"y":-0.4307692307692308,"z":0.5},"obj_name":"mouse"},{"scan":"B6ByNegPMKs","image_id":"e2bbf2292c36441ba9b983173dcb5ad2","camera_matrix":[-0.9989201153107541,-8.67361737988403e-19,-0.046460770845396175,0,-0.01209721789881123,0.9655075964963435,0.2600937108562256,0,0.044858227190305855,0.2603748857087664,-0.9644649596255367,0,0,0,0,1],"camera_pose_matrix":[0.05611328316422173,0.9982360776409889,0.019015791936205374,0,0.0021984295163226548,-0.019167108603604075,0.999806138244554,0,0.9984146927035987,-0.05605886175722196,-0.003268019681834621,0,58.3597,-23.664,1.45384,1],"world_frame_matrix":[0.2255712270087783,0.013974665554847379,-0.9741266048641566,0,0.974068542997238,0.014818525921170335,0.22577007020264533,0,0.017589885909036825,-0.999792605739598,-0.010269420706695457,0,0,0,0,1],"cubemap_frame_matrix":[1,0,0,0,0,-1,-1.2246467991473532e-16,0,0,1.2246467991473532e-16,-1,0,0,0,0,1],"cam_rotation":{"_x":-0.26341046095483645,"_y":-3.188070155754266,"_z":0,"_order":"YXZ"},"heading":1.6682680186130376,"elevation":-0.26751063329704544,"mouse_left_top":{"x":-0.11754385964912284,"y":0.040000000000000036,"z":0.5},"mouse_right_top":{"x":0.14035087719298245,"y":0.040000000000000036,"z":0.5},"mouse_left_bottom":{"x":-0.11754385964912284,"y":-0.3999999999999999,"z":0.5},"mouse_right_bottom":{"x":0.14035087719298245,"y":-0.3999999999999999,"z":0.5},"obj_name":"printer"},{"scan":"B6ByNegPMKs","image_id":"e2bbf2292c36441ba9b983173dcb5ad2","camera_matrix":[-0.9793536852458267,-3.469446951953612e-18,-0.2021542955156228,0,-0.05780514717242385,0.9582458291091659,0.280041953919874,0,0.19371351051434738,0.28594567839868884,-0.9384615841095044,0,0,0,0,1],"camera_pose_matrix":[0.05611715929308065,0.9982330215779941,0.01901255302222709,0,0.0021953734549205206,-0.01916279966979541,0.999803101331916,0,0.998411453790257,-0.05606189867084612,-0.003263937270638239,0,58.3597,-23.664,1.45384,1],"world_frame_matrix":[0.22557154609273322,0.0139742913264436,-0.9741263014477592,0,0.9740681687686605,0.014818924007198917,0.22577036933265296,0,0.01759018932540495,-0.9997923066097577,-0.010268956001941264,0,0,0,0,1],"cubemap_frame_matrix":[1,0,0,0,0,-1,-1.2246467991473532e-16,0,0,1.2246467991473532e-16,-1,0,0,0,0,1],"cam_rotation":{"_x":-0.289993168023673,"_y":2.938035518745832,"_z":-4.491739584110502e-18,"_order":"YXZ"},"heading":1.8250437595353484,"elevation":-0.29698534916527014,"mouse_left_top":{"x":0.04561403508771922,"y":-0.29846153846153856,"z":0.5},"mouse_right_top":{"x":0.10526315789473695,"y":-0.29846153846153856,"z":0.5},"mouse_left_bottom":{"x":0.04561403508771922,"y":-0.44307692307692315,"z":0.5},"mouse_right_bottom":{"x":0.10526315789473695,"y":-0.44307692307692315,"z":0.5},"obj_name":"scissors"},{"scan":"B6ByNegPMKs","image_id":"48ee619d38b142f88914e7e2582bc1d8","camera_matrix":[-0.712232452916987,-8.326672684688669e-17,-0.7019436822223349,0,-0.36023441553776125,0.8582716742508063,0.3655145674810849,0,0.6024583793707395,0.5131956090797316,-0.6112889398208212,0,0,0,0,1],"camera_pose_matrix":[0.05611328316422173,0.9982360776409889,0.019015791936205374,0,0.0021984295163226548,-0.019167108603604075,0.999806138244554,0,0.9984146927035987,-0.05605886175722196,-0.003268019681834621,0,57.6144,-24.9388,1.45132,1],"world_frame_matrix":[0.03745103195112076,0.010866347715134256,-0.9992402725715308,0,0.9992389150737939,0.0106647669137061,0.037567193712598146,0,0.0110650953758108,-0.9998847038679756,-0.010458873652629333,0,0,0,0,1],"cubemap_frame_matrix":[1,0,0,0,0,-1,-1.2246467991473532e-16,0,0,1.2246467991473532e-16,-1,0,0,0,0,1],"cam_rotation":{"_x":-0.5389039705773256,"_y":-3.9197154932782623,"_z":-9.192075812936931e-17,"_order":"YXZ"},"heading":2.3981620991285983,"elevation":-0.5545424469806463,"mouse_left_top":{"x":-0.00877192982456143,"y":0.523076923076923,"z":0.5},"mouse_right_top":{"x":0.07894736842105265,"y":0.523076923076923,"z":0.5},"mouse_left_bottom":{"x":-0.00877192982456143,"y":0.18153846153846154,"z":0.5},"mouse_right_bottom":{"x":0.07894736842105265,"y":0.18153846153846154,"z":0.5},"obj_name":"umbrella"},{"scan":"B6ByNegPMKs","image_id":"e2bbf2292c36441ba9b983173dcb5ad2","camera_matrix":[-0.6810547832377046,-1.7347234759768068e-17,0.7322324646101421,0,0.010616748586942368,0.9998948817948152,0.009874715690759484,0,-0.7321554936476843,0.014499150338267215,-0.6809831919812582,0,0,0,0,1],"camera_pose_matrix":[0.05612264657150108,0.9982286952097901,0.019007967796825825,0,0.0021910470899702502,-0.019156699685931085,0.9997988020744168,0,0.998406868566592,-0.05606619792995055,-0.003258157965848315,0,58.3597,-23.664,1.45384,1],"world_frame_matrix":[0.22557186907474366,0.01397391252604735,-0.9741259943245089,0,0.9740677899681123,0.014819326956434405,0.22577067211713925,0,0.017590496448604366,-0.9997920038254435,-0.010268485620143483,0,0,0,0,1],"cubemap_frame_matrix":[1,0,0,0,0,-1,-1.2246467991473532e-16,0,0,1.2246467991473532e-16,-1,0,0,0,0,1],"cam_rotation":{"_x":-0.014499658401183372,"_y":3.963186805706715,"_z":-1.810311533095316e-17,"_order":"YXZ"},"heading":0.8051993296051112,"elevation":-0.0027982342230044037,"mouse_left_top":{"x":-0.26315789473684215,"y":0.2615384615384615,"z":0.5},"mouse_right_top":{"x":-0.12807017543859645,"y":0.2615384615384615,"z":0.5},"mouse_left_bottom":{"x":-0.26315789473684215,"y":-0.2892307692307692,"z":0.5},"mouse_right_bottom":{"x":-0.12807017543859645,"y":-0.2892307692307692,"z":0.5},"obj_name":"bag"},{"scan":"B6ByNegPMKs","image_id":"cfb2c926a80a4fde93b0d58d49af6549","camera_matrix":[-0.9550434801978723,0,-0.2964657668796436,0,0,0.9999999999999998,0,0,0.2964657668796436,0,-0.9550434801978723,0,0,0,0,1],"camera_pose_matrix":[0.056110545179755195,0.9982382363464505,0.019018079801400235,0,0.0022005882210112343,-0.0191701523085108,0.999808283422875,0,0.9984169805686385,-0.05605671657827834,-0.0032709033778402243,0,56.6505,-29.8116,1.44569,1],"world_frame_matrix":[0.6971448137775248,0.007160607784424887,-0.7168957501619575,0,0.7169294754226416,-0.0045648784536389455,0.6971317828059764,0,0.0017191798445506678,-0.9999646566870621,-0.008315955979686757,0,0,0,0,1],"cubemap_frame_matrix":[1,0,0,0,0,-1,-1.2246467991473532e-16,0,0,1.2246467991473532e-16,-1,0,0,0,0,1],"cam_rotation":{"_x":0,"_y":-3.4425825719895586,"_z":0,"_order":"YXZ"},"heading":1.9278288833401351,"elevation":-0.008762226398007084,"mouse_left_top":{"x":-0.12105263157894741,"y":-0.06769230769230772,"z":0.5},"mouse_right_top":{"x":0.04561403508771922,"y":-0.06769230769230772,"z":0.5},"mouse_left_bottom":{"x":-0.12105263157894741,"y":-0.4953846153846153,"z":0.5},"mouse_right_bottom":{"x":0.04561403508771922,"y":-0.4953846153846153,"z":0.5},"obj_name":"chair"},{"scan":"B6ByNegPMKs","image_id":"5b3d1c9fefb64512b0c9750a00feece4","camera_matrix":[0.768510377842158,0,0.6398373224100822,0,0.1755371653955367,0.9616308894585076,-0.2108381749212878,0,-0.6152873334579572,0.27434655536244584,0.7390233182024482,0,0,0,0,1],"camera_pose_matrix":[0.05610559855992428,0.9982421363857804,0.019022213187226703,0,0.002204488259683148,-0.019175651261902658,0.9998121590234349,0,0.9984211139548022,-0.05605284097674888,-0.00327611324894899,0,62.517,-19.747,1.41301,1],"world_frame_matrix":[-0.9928128267030828,-0.013080712656274909,0.11896813292759441,0,-0.11933512651350499,0.03223355450546108,-0.9923313387924292,0,0.00914562778401445,-0.999395517988009,-0.03356284350954606,0,0,0,0,1],"cubemap_frame_matrix":[1,0,0,0,0,-1,-1.2246467991473532e-16,0,0,1.2246467991473532e-16,-1,0,0,0,0,1],"cam_rotation":{"_x":-0.27791011935602034,"_y":5.588898739317017,"_z":0,"_order":"YXZ"},"heading":5.466255715421174,"elevation":-0.26319844488396127,"mouse_left_top":{"x":-0.17543859649122806,"y":0.1446153846153846,"z":0.5},"mouse_right_top":{"x":-0.11578947368421055,"y":0.1446153846153846,"z":0.5},"mouse_left_bottom":{"x":-0.17543859649122806,"y":0.027692307692307683,"z":0.5},"mouse_right_bottom":{"x":-0.11578947368421055,"y":0.027692307692307683,"z":0.5},"obj_name":"post-it note"},{"scan":"B6ByNegPMKs","image_id":"5b3d1c9fefb64512b0c9750a00feece4","camera_matrix":[-0.6345275598920108,0,0.7729002366007474,0,0.5530866060703797,0.6985113652489374,0.45406726242222545,0,-0.5398795994692149,0.7155989607441207,-0.4432247121482453,0,0,0,0,1],"camera_pose_matrix":[0.05610628014105977,0.9982415990114369,0.019021643660851448,0,0.002203950885373757,-0.019174893576303687,0.9998116250164241,0,0.9984205444283334,-0.0560533749838813,-0.0032753953951912204,0,62.517,-19.747,1.41301,1],"world_frame_matrix":[-0.9928128267271422,-0.013080712553285646,0.11896813284263126,0,-0.11933512661649424,0.032233552928503724,-0.9923313388373514,0,0.009145627699051318,-0.9993955179430866,-0.03356284506244424,0,0,0,0,1],"cubemap_frame_matrix":[1,0,0,0,0,-1,-1.2246467991473532e-16,0,0,1.2246467991473532e-16,-1,0,0,0,0,1],"cam_rotation":{"_x":-0.7974812120651007,"_y":-2.258193437083805,"_z":0,"_order":"YXZ"},"heading":0.7288351100384469,"elevation":-0.7847496863400942,"mouse_left_top":{"x":-0.12631578947368416,"y":0.4553846153846154,"z":0.5},"mouse_right_top":{"x":0.22807017543859653,"y":0.4553846153846154,"z":0.5},"mouse_left_bottom":{"x":-0.12631578947368416,"y":-0.5723076923076924,"z":0.5},"mouse_right_bottom":{"x":0.22807017543859653,"y":-0.5723076923076924,"z":0.5},"obj_name":"stool"},{"scan":"B6ByNegPMKs","image_id":"5b3d1c9fefb64512b0c9750a00feece4","camera_matrix":[0.887936209885227,2.775557561562892e-17,0.45996661528273813,0,0.3558232930506955,0.6336924995420452,-0.6868941695390302,0,-0.29147739414441265,0.7735850412360333,0.5626785162760596,0,0,0,0,1],"camera_pose_matrix":[0.056107245080439454,0.9982408382301603,0.019020837360689612,0,0.0022031901041766654,-0.019173820893016006,0.9998108690024137,0,0.9984197381280646,-0.05605413099807064,-0.0032743791033060486,0,62.517,-19.747,1.41301,1],"world_frame_matrix":[-0.9928128267270457,-0.013080712553696219,0.11896813284296996,0,-0.11933512661608367,0.032233552934790556,-0.9923313388371722,0,0.009145627699390013,-0.9993955179432654,-0.03356284505625376,0,0,0,0,1],"cubemap_frame_matrix":[1,0,0,0,0,-1,-1.2246467991473532e-16,0,0,1.2246467991473532e-16,-1,0,0,0,0,1],"cam_rotation":{"_x":-0.8844791624722033,"_y":-0.4779576000495885,"_z":7.947064857201658e-17,"_order":"YXZ"},"heading":5.26488707220879,"elevation":-0.8726799315016545,"mouse_left_top":{"x":-0.39473684210526316,"y":0.2153846153846154,"z":0.5},"mouse_right_top":{"x":-0.15087719298245617,"y":0.2153846153846154,"z":0.5},"mouse_left_bottom":{"x":-0.39473684210526316,"y":-0.11692307692307691,"z":0.5},"mouse_right_bottom":{"x":-0.15087719298245617,"y":-0.11692307692307691,"z":0.5},"obj_name":"clothes"},{"scan":"B6ByNegPMKs","image_id":"c6c26f2af2e44c2c8429dfbd1fc8ee5f","camera_matrix":[-0.8168648902492208,2.775557561562892e-17,0.5768290484000685,0,0.3435466810388873,0.8032974956148062,0.4865067435155913,0,-0.4633653299776469,0.5955779827520327,-0.6561855205928625,0,0,0,0,1],"camera_pose_matrix":[0.056107245080439454,0.9982408382301603,0.019020837360689612,0,0.0022031901041766654,-0.019173820893016006,0.9998108690024137,0,0.9984197381280646,-0.05605413099807064,-0.0032743791033060486,0,64.5797,-19.6048,1.41385,1],"world_frame_matrix":[-0.9917821181456828,0.0035913788086445616,-0.12789279220307717,0,0.12793968668262573,0.03522062466939518,-0.991156740833655,0,0.0009448436507706023,-0.9993732249311089,-0.03539063102547737,0,0,0,0,1],"cubemap_frame_matrix":[1,0,0,0,0,-1,-1.2246467991473532e-16,0,0,1.2246467991473532e-16,-1,0,0,0,0,1],"cam_rotation":{"_x":-0.6379849696520812,"_y":3.7564341437383617,"_z":0,"_order":"YXZ"},"heading":0.9993013967171924,"elevation":-0.6295759987945708,"mouse_left_top":{"x":0.0052631578947368585,"y":0.13230769230769235,"z":0.5},"mouse_right_top":{"x":0.16315789473684217,"y":0.13230769230769235,"z":0.5},"mouse_left_bottom":{"x":0.0052631578947368585,"y":-0.12615384615384606,"z":0.5},"mouse_right_bottom":{"x":0.16315789473684217,"y":-0.12615384615384606,"z":0.5},"obj_name":"keyboard"},{"scan":"B6ByNegPMKs","image_id":"c6c26f2af2e44c2c8429dfbd1fc8ee5f","camera_matrix":[0.32237754499548915,0,0.9466111759760085,0,0.7220325573734294,0.6466873808089495,-0.24589513536311786,0,-0.6121615020364045,0.7627551582929224,0.2084774902047522,0,0,0,0,1],"camera_pose_matrix":[0.056107245080439454,0.9982408382301603,0.019020837360689612,0,0.0022031901041766654,-0.019173820893016006,0.9998108690024137,0,0.9984197381280646,-0.05605413099807064,-0.0032743791033060486,0,64.5797,-19.6048,1.41385,1],"world_frame_matrix":[-0.9917821181456828,0.0035913788086445616,-0.12789279220307717,0,0.12793968668262573,0.03522062466939518,-0.991156740833655,0,0.0009448436507706023,-0.9993732249311089,-0.03539063102547737,0,0,0,0,1],"cubemap_frame_matrix":[1,0,0,0,0,-1,-1.2246467991473532e-16,0,0,1.2246467991473532e-16,-1,0,0,0,0,1],"cam_rotation":{"_x":-0.8675628943374889,"_y":5.040629035468913,"_z":0,"_order":"YXZ"},"heading":6.014530233509858,"elevation":-0.8484957766969996,"mouse_left_top":{"x":-0.2210526315789474,"y":0.4953846153846154,"z":0.5},"mouse_right_top":{"x":-0.05438596491228065,"y":0.4953846153846154,"z":0.5},"mouse_left_bottom":{"x":-0.2210526315789474,"y":0.17230769230769227,"z":0.5},"mouse_right_bottom":{"x":-0.05438596491228065,"y":0.17230769230769227,"z":0.5},"obj_name":"dustbin"},{"scan":"B6ByNegPMKs","image_id":"fa6efcbc55a64653b5022bad031c587d","camera_matrix":[-0.662161908526032,0,0.7493607988793939,0,-0.1492999267043846,0.9799514621499288,-0.13192673616929237,0,-0.7343372105397007,-0.19923637175530148,-0.6488865304400724,0,0,0,0,1],"camera_pose_matrix":[0.056108611173857854,0.9982397611679757,0.01901969585590972,0,0.002202113042166194,-0.019172302263274,0.9998097986894098,0,0.9984185966231852,-0.05605520131134074,-0.0032729403085646016,0,69.0959,-23.0837,1.4293,1],"world_frame_matrix":[-0.025231286974774104,0.0052274143357625875,-0.9996687751429033,0,0.9996808703173611,-0.0013653362800137227,-0.025238553056067987,0,-0.0014966373101969702,-0.9999856380954679,-0.005191474735205182,0,0,0,0,1],"cubemap_frame_matrix":[1,0,0,0,0,-1,-1.2246467991473532e-16,0,0,1.2246467991473532e-16,-1,0,0,0,0,1],"cam_rotation":{"_x":0.2005786078830407,"_y":-2.294496427129114,"_z":0,"_order":"YXZ"},"heading":0.7829750856670348,"elevation":0.21264104655748214,"mouse_left_top":{"x":-0.4491228070175438,"y":-0.44307692307692315,"z":0.5},"mouse_right_top":{"x":-0.21403508771929824,"y":-0.44307692307692315,"z":0.5},"mouse_left_bottom":{"x":-0.4491228070175438,"y":-0.7415384615384615,"z":0.5},"mouse_right_bottom":{"x":-0.21403508771929824,"y":-0.7415384615384615,"z":0.5},"obj_name":"printer"},{"scan":"B6ByNegPMKs","image_id":"fa6efcbc55a64653b5022bad031c587d","camera_matrix":[-0.9094523189826127,1.734723475976807e-18,-0.41580822442220616,0,-0.02911669204782248,0.9975452838347512,0.06368378870040596,0,0.41478753325207357,0.07002432933663615,-0.9072198716736832,0,0,0,0,1],"camera_pose_matrix":[0.056108611173857854,0.9982397611679757,0.01901969585590972,0,0.002202113042166194,-0.019172302263274,0.9998097986894098,0,0.9984185966231852,-0.05605520131134074,-0.0032729403085646016,0,69.0959,-23.0837,1.4293,1],"world_frame_matrix":[-0.025231286974774104,0.0052274143357625875,-0.9996687751429033,0,0.9996808703173611,-0.0013653362800137227,-0.025238553056067987,0,-0.0014966373101969702,-0.9999856380954679,-0.005191474735205182,0,0,0,0,1],"cubemap_frame_matrix":[1,0,0,0,0,-1,-1.2246467991473532e-16,0,0,1.2246467991473532e-16,-1,0,0,0,0,1],"cam_rotation":{"_x":-0.07008168227238751,"_y":-3.5704239697712827,"_z":0,"_order":"YXZ"},"heading":2.0545377222428556,"elevation":-0.08095816332206242,"mouse_left_top":{"x":-0.48070175438596496,"y":-0.07692307692307687,"z":0.5},"mouse_right_top":{"x":-0.11403508771929827,"y":-0.07692307692307687,"z":0.5},"mouse_left_bottom":{"x":-0.48070175438596496,"y":-0.5107692307692309,"z":0.5},"mouse_right_bottom":{"x":-0.11403508771929827,"y":-0.5107692307692309,"z":0.5},"obj_name":"blanket"},{"scan":"B6ByNegPMKs","image_id":"6f74372f4fbe4741b5388a6583284ad3","camera_matrix":[-0.7383506473713287,6.9388939039072276e-18,-0.6744170234553245,0,-0.12156706606528127,0.9836199069471435,0.13309142386184064,0,0.663370009854696,0.18025503781390576,-0.7262563950617495,0,0,0,0,1],"camera_pose_matrix":[0.056110545179755195,0.9982382363464505,0.019018079801400235,0,0.0022005882210112343,-0.0191701523085108,0.999808283422875,0,0.9984169805686385,-0.05605671657827834,-0.0032709033778402243,0,69.1636,-24.6972,1.42365,1],"world_frame_matrix":[-0.0049564052487194015,0.001181174386268086,-0.9999878565427428,0,0.9999881212605944,-0.0003556206665240131,-0.00495664471485203,0,-0.00036128887478715604,-0.9999992960930444,-0.0011795789346174394,0,0,0,0,1],"cubemap_frame_matrix":[1,0,0,0,0,-1,-1.2246467991473532e-16,0,0,1.2246467991473532e-16,-1,0,0,0,0,1],"cam_rotation":{"_x":-0.18124573001479574,"_y":2.401417802360452,"_z":0,"_order":"YXZ"},"heading":2.3648242800892842,"elevation":-0.19647481202294323,"mouse_left_top":{"x":-0.43333333333333335,"y":0.03076923076923077,"z":0.5},"mouse_right_top":{"x":-0.09298245614035083,"y":0.03076923076923077,"z":0.5},"mouse_left_bottom":{"x":-0.43333333333333335,"y":-0.6553846153846155,"z":0.5},"mouse_right_bottom":{"x":-0.09298245614035083,"y":-0.6553846153846155,"z":0.5},"obj_name":"chair"},{"scan":"B6ByNegPMKs","image_id":"9fd04d03a1d741ce93ea66bd45dd4331","camera_matrix":[0.3975413935489851,2.7755575615628904e-17,0.9175842415904548,0,0.3170714029362592,0.938400272152042,-0.1373705014368279,0,-0.861061302030908,0.3455501833670084,0.37305295189806964,0,0,0,0,1],"camera_pose_matrix":[0.05610628014105977,0.9982415990114369,0.019021643660851448,0,0.002203950885373757,-0.019174893576303687,0.9998116250164241,0,0.9984205444283334,-0.0560533749838813,-0.0032753953951912204,0,67.1226,-21.3069,1.42322,1],"world_frame_matrix":[0.06173231272612289,0.0008697147821600837,-0.9980931070077468,0,0.9980323044009441,0.011073099860210042,0.06173842024234181,0,0.011105882622563614,-0.999939030046438,-0.0001846383275881152,0,0,0,0,1],"cubemap_frame_matrix":[1,0,0,0,0,-1,-1.2246467991473532e-16,0,0,1.2246467991473532e-16,-1,0,0,0,0,1],"cam_rotation":{"_x":-0.35282502109546887,"_y":5.121224832167577,"_z":0,"_order":"YXZ"},"heading":5.932088115527809,"elevation":-0.3340640777270845,"mouse_left_top":{"x":-0.23684210526315785,"y":0.6461538461538461,"z":0.5},"mouse_right_top":{"x":0.07543859649122808,"y":0.6461538461538461,"z":0.5},"mouse_left_bottom":{"x":-0.23684210526315785,"y":-0.41846153846153844,"z":0.5},"mouse_right_bottom":{"x":0.07543859649122808,"y":-0.41846153846153844,"z":0.5},"obj_name":"fire hydrant"},{"scan":"B6ByNegPMKs","image_id":"c6c26f2af2e44c2c8429dfbd1fc8ee5f","camera_matrix":[-0.7308343719176821,0,0.682554848216381,0,0.519554021529502,0.6485287722275781,0.5563039190096646,0,-0.4426564576917506,0.7611901415500534,-0.4739671179214876,0,0,0,0,1],"camera_pose_matrix":[0.056108611173857854,0.9982397611679757,0.01901969585590972,0,0.002202113042166194,-0.019172302263274,0.9998097986894098,0,0.9984185966231852,-0.05605520131134074,-0.0032729403085646016,0,64.5797,-19.6048,1.41385,1],"world_frame_matrix":[-0.9917821181763512,0.0035913786845422958,-0.12789279208355428,0,0.12793968680672796,0.03522062276961925,-0.9911567408923203,0,0.0009448437702934467,-0.9993732248724438,-0.03539063289458436,0,0,0,0,1],"cubemap_frame_matrix":[1,0,0,0,0,-1,-1.2246467991473532e-16,0,0,1.2246467991473532e-16,-1,0,0,0,0,1],"cam_rotation":{"_x":-0.8651462846039583,"_y":-2.390339903482734,"_z":0,"_order":"YXZ"},"heading":0.8570413345179397,"elevation":-0.8544056030298581,"mouse_left_top":{"x":0.1701754385964913,"y":0.52,"z":0.5},"mouse_right_top":{"x":0.24736842105263168,"y":0.52,"z":0.5},"mouse_left_bottom":{"x":0.1701754385964913,"y":0.4276923076923077,"z":0.5},"mouse_right_bottom":{"x":0.24736842105263168,"y":0.4276923076923077,"z":0.5},"obj_name":"pen"},{"scan":"B6ByNegPMKs","image_id":"877db3b02a2f4493b25fa21a47ef97e5","camera_matrix":[0.9735265685063968,-3.469446951953614e-18,0.22857388392412606,0,0.03138583723173538,0.9905279070796453,-0.13367645461217353,0,-0.22640881085643036,0.1373115628649586,0.9643052343890702,0,0,0,0,1],"camera_pose_matrix":[0.05610559855992428,0.9982421363857804,0.019022213187226703,0,0.002204488259683148,-0.019175651261902658,0.9998121590234349,0,0.9984211139548022,-0.05605284097674888,-0.00327611324894899,0,50.9507,-19.8415,1.45145,1],"world_frame_matrix":[-0.9992053818835361,-0.009887714691512122,-0.038642306611125665,0,0.03867928218619187,-0.003579693220014631,-0.9992455246311561,0,0.009741919834003718,-0.9999454219029003,0.00395929550440102,0,0,0,0,1],"cubemap_frame_matrix":[1,0,0,0,0,-1,-1.2246467991473532e-16,0,0,1.2246467991473532e-16,-1,0,0,0,0,1],"cam_rotation":{"_x":-0.13774675481124532,"_y":-0.230612533407286,"_z":0,"_order":"YXZ"},"heading":5.0015091288447735,"elevation":-0.13018741983670576,"mouse_left_top":{"x":0.1087719298245613,"y":0.003076923076923088,"z":0.5},"mouse_right_top":{"x":0.1947368421052631,"y":0.003076923076923088,"z":0.5},"mouse_left_bottom":{"x":0.1087719298245613,"y":-0.37230769230769223,"z":0.5},"mouse_right_bottom":{"x":0.1947368421052631,"y":-0.37230769230769223,"z":0.5},"obj_name":"lamp"},{"scan":"B6ByNegPMKs","image_id":"877db3b02a2f4493b25fa21a47ef97e5","camera_matrix":[0.4412178715150149,0,0.8974000166345887,0,0.2793735676992167,0.9503069664606657,-0.13735748675386567,0,-0.8528054875097669,0.3113144222427338,0.4192924170276655,0,0,0,0,1],"camera_pose_matrix":[0.05610628014105977,0.9982415990114369,0.019021643660851448,0,0.002203950885373757,-0.019174893576303687,0.9998116250164241,0,0.9984205444283334,-0.0560533749838813,-0.0032753953951912204,0,50.9507,-19.8415,1.45145,1],"world_frame_matrix":[-0.9992053818835364,-0.009887714691512124,-0.03864230661112567,0,0.03867928218619187,-0.003579693220014631,-0.9992455246311561,0,0.009741919834003718,-0.9999454219029003,0.00395929550440102,0,0,0,0,1],"cubemap_frame_matrix":[1,0,0,0,0,-1,-1.2246467991473532e-16,0,0,1.2246467991473532e-16,-1,0,0,0,0,1],"cam_rotation":{"_x":-0.3165758750925105,"_y":-1.1138409943507321,"_z":3.5026241332084414e-18,"_order":"YXZ"},"heading":5.884070287988694,"elevation":-0.29805479917211025,"mouse_left_top":{"x":0.15263157894736845,"y":-0.04307692307692301,"z":0.5},"mouse_right_top":{"x":0.30175438596491233,"y":-0.04307692307692301,"z":0.5},"mouse_left_bottom":{"x":0.15263157894736845,"y":-0.5076923076923077,"z":0.5},"mouse_right_bottom":{"x":0.30175438596491233,"y":-0.5076923076923077,"z":0.5},"obj_name":"cabinet"},{"scan":"B6ByNegPMKs","image_id":"0fb43b728c084591a3510f9dc08f0532","camera_matrix":[0.9999471858210323,-1.2056328158038812e-16,-0.01027743005806098,0,-0.00831461557547116,0.587785252292473,-0.8089742668066182,0,0.006040921819595719,0.8090169943749476,0.5877542088969641,0,0,0,0,1],"camera_pose_matrix":[0.05610559855992428,0.9982421363857804,0.019022213187226703,0,0.002204488259683148,-0.019175651261902658,0.9998121590234349,0,0.9984211139548022,-0.05605284097674888,-0.00327611324