[{"scan":"vyrNrziPKCB","image_id":"965df3e44811465e92a56c189c024b88","camera_matrix":[-0.9850799698273502,0,0.1720972197478685,0,0.13313183483526153,0.6336924995420453,0.7620431290796811,0,-0.10905671734626343,0.7735850412360329,-0.624237788328696,0,0,0,0,1],"camera_pose_matrix":[0.9999630012408002,0.0030512040098791835,0.00794405843559888,0,-0.007911384009879258,-0.010575508559417388,0.999911996931662,0,0.0031349515644608036,-0.999939003068339,-0.010550990199669203,0,14.2555,-26.3649,2.0185,1],"world_frame_matrix":[0.9949285980633954,0.005060419496498952,-0.10046429378907656,0,0.09929490754263685,0.11043936455742702,0.9889106739987535,0,0.01609949762010622,-0.9938700012521382,0.10937668699346842,0,0,0,0,1],"cubemap_frame_matrix":[1,0,0,0,0,-1,-1.2246467991473532e-16,0,0,1.2246467991473532e-16,-1,0,0,0,0,1],"cam_rotation":{"_x":-0.8844791624722032,"_y":3.314550912801309,"_z":0,"_order":"YXZ"},"heading":2.9535964461984516,"elevation":-0.8934481604421944,"mouse_left_top":{"x":-0.2745614035087719,"y":0.5415384615384615,"z":0.5},"mouse_right_top":{"x":0.10789473684210527,"y":0.5415384615384615,"z":0.5},"mouse_left_bottom":{"x":-0.2745614035087719,"y":-0.7015384615384614,"z":0.5},"mouse_right_bottom":{"x":0.10789473684210527,"y":-0.7015384615384614,"z":0.5},"obj_name":"sofa"},{"scan":"vyrNrziPKCB","image_id":"965df3e44811465e92a56c189c024b88","camera_matrix":[-0.9882263840397504,-2.081668171172168e-17,-0.15299873818995716,0,-0.12377857931359867,0.5877852522924731,0.7994919389778616,0,0.089930401927414,0.8090169943749472,-0.5808648944648831,0,0,0,0,1],"camera_pose_matrix":[0.9999630012408003,0.0030512040074490415,0.007944058436532368,0,-0.0079113840123094,-0.010575508559443177,0.9999119969316538,0,0.0031349515653942904,-0.9999390030683472,-0.010550990199688297,0,14.2555,-26.3649,2.0185,1],"world_frame_matrix":[0.9949285980634583,0.005060419335945162,-0.10046429379617386,0,0.09929490738208313,0.11043936456672326,0.9889106740073074,0,0.01609949761300893,-0.9938700012435842,0.10937668701314154,0,0,0,0,1],"cubemap_frame_matrix":[1,0,0,0,0,-1,-1.2246467991473532e-16,0,0,1.2246467991473532e-16,-1,0,0,0,0,1],"cam_rotation":{"_x":-0.9424777960769379,"_y":-3.2951946833698487,"_z":-2.1899877018969944e-17,"_order":"YXZ"},"heading":3.283340898627827,"elevation":-0.9540928892826394,"mouse_left_top":{"x":-0.007894736842105288,"y":0.6276923076923078,"z":0.5},"mouse_right_top":{"x":0.406140350877193,"y":0.6276923076923078,"z":0.5},"mouse_left_bottom":{"x":-0.007894736842105288,"y":-0.5138461538461538,"z":0.5},"mouse_right_bottom":{"x":0.406140350877193,"y":-0.5138461538461538,"z":0.5},"obj_name":"sofa"},{"scan":"vyrNrziPKCB","image_id":"3c2fad423ba64923b42b7d9453bcf000","camera_matrix":[-0.6061008872558296,-2.7755575615628904e-17,-0.7953877761618519,0,-0.41148417354319977,0.8557812723014476,0.3135589081840691,0,0.6806779630568086,0.5173378141776565,-0.5186897884388302,0,0,0,0,1],"camera_pose_matrix":[0.9999630012408004,0.0030512040074489517,0.007944058436532404,0,-0.00791138401230949,-0.010575508559443517,0.9999119969316538,0,0.003134951565394327,-0.9999390030683472,-0.010550990199688639,0,16.1196,-26.486,1.9883,1],"world_frame_matrix":[0.9998766143008628,0.004999675506330813,0.014945654641121695,0,-0.014907790371869466,-0.0075260293530417565,0.9998610985379824,0,0.005111456463354872,-0.9999593594943584,-0.007450557863337753,0,0,0,0,1],"cubemap_frame_matrix":[1,0,0,0,0,-1,-1.2246467991473532e-16,0,0,1.2246467991473532e-16,-1,0,0,0,0,1],"cam_rotation":{"_x":-0.5437371900443871,"_y":2.221945554256666,"_z":0,"_order":"YXZ"},"heading":4.060348704525982,"elevation":-0.5564471562331685,"mouse_left_top":{"x":-0.22894736842105268,"y":0.06461538461538463,"z":0.5},"mouse_right_top":{"x":0.3008771929824561,"y":0.06461538461538463,"z":0.5},"mouse_left_bottom":{"x":-0.22894736842105268,"y":-0.6000000000000001,"z":0.5},"mouse_right_bottom":{"x":0.3008771929824561,"y":-0.6000000000000001,"z":0.5},"obj_name":"sofa"},{"scan":"vyrNrziPKCB","image_id":"365e81eb660e4cdea4634560b0b166f8","camera_matrix":[-0.733268121124893,-2.7755575615628904e-17,0.6799396021279893,0,0.43340981397655987,0.7705132427757891,0.4674026913229551,0,-0.5239024677273167,0.6374239897486896,-0.5649927978320515,0,0,0,0,1],"camera_pose_matrix":[0.9999630012408004,0.0030512040074489517,0.007944058436532404,0,-0.00791138401230949,-0.010575508559443517,0.9999119969316538,0,0.003134951565394327,-0.9999390030683472,-0.010550990199688639,0,12.355,-26.4761,1.99854,1],"world_frame_matrix":[-0.9999133973580092,-0.01312164154042672,0.001189254281665077,0,-0.0015426998961617494,0.026958916942149424,-0.9996357111381996,0,0.013084798585140625,-0.999550831075278,-0.026976821143498846,0,0,0,0,1],"cubemap_frame_matrix":[1,0,0,0,0,-1,-1.2246467991473532e-16,0,0,1.2246467991473532e-16,-1,0,0,0,0,1],"cam_rotation":{"_x":-0.6911503837897546,"_y":3.8892729170446403,"_z":0,"_order":"YXZ"},"heading":2.3800298759804974,"elevation":-0.6934154851307741,"mouse_left_top":{"x":-0.21842105263157896,"y":0.2830769230769231,"z":0.5},"mouse_right_top":{"x":0.13947368421052642,"y":0.2830769230769231,"z":0.5},"mouse_left_bottom":{"x":-0.21842105263157896,"y":-0.6615384615384616,"z":0.5},"mouse_right_bottom":{"x":0.13947368421052642,"y":-0.6615384615384616,"z":0.5},"obj_name":"sofa/seat"},{"scan":"vyrNrziPKCB","image_id":"32ae1b4f7fb4435fa1311bcc9031b9c3","camera_matrix":[-0.7320371198111009,0,0.6812647467898717,0,0.3180563596697517,0.8843303866738685,0.3417600317165126,0,-0.6024631169559623,0.46686161461962794,-0.6473626692221756,0,0,0,0,1],"camera_pose_matrix":[0.9999630012408005,0.003051204007448951,0.007944058436532408,0,-0.00791138401230949,-0.01057550855944396,0.9999119969316538,0,0.0031349515653943285,-0.9999390030683472,-0.010550990199689083,0,12.2949,-24.5436,1.76336,1],"world_frame_matrix":[0.9973281731184619,0.006433538625361677,-0.07278250112132571,0,0.0725761384623887,0.027952119698296224,0.9969712129105543,0,0.008448472463839337,-0.9995891172198523,0.027410497701078826,0,0,0,0,1],"cubemap_frame_matrix":[1,0,0,0,0,-1,-1.2246467991473532e-16,0,0,1.2246467991473532e-16,-1,0,0,0,0,1],"cam_rotation":{"_x":-0.485738556439653,"_y":-2.392103696268838,"_z":0,"_order":"YXZ"},"heading":2.3821224894465933,"elevation":-0.48800550083797495,"mouse_left_top":{"x":-0.13596491228070173,"y":0.12615384615384617,"z":0.5},"mouse_right_top":{"x":0.19210526315789478,"y":0.12615384615384617,"z":0.5},"mouse_left_bottom":{"x":-0.13596491228070173,"y":-0.8676923076923078,"z":0.5},"mouse_right_bottom":{"x":0.19210526315789478,"y":-0.8676923076923078,"z":0.5},"obj_name":"sofa/seat"},{"scan":"vyrNrziPKCB","image_id":"a8d469effcab42d0b230395a883361bb","camera_matrix":[-0.11960736589162724,1.3877787807814457e-17,-0.9928212719439821,0,0.08387406481109708,0.9964251303865361,-0.010104493368716792,0,0.9892720653473089,-0.08448052754436702,-0.11917978515375482,0,0,0,0,1],"camera_pose_matrix":[0.9999630012408002,0.0030512040098791835,0.00794405843559888,0,-0.007911384009879258,-0.010575508559417388,0.999911996931662,0,0.0031349515644608036,-0.999939003068339,-0.010550990199669203,0,10.4597,-21.062,1.53797,1],"world_frame_matrix":[-0.9722653400787598,-0.00804082648060631,0.2337446655389581,0,-0.2337248304961125,-0.003326509504655712,-0.972297280738914,0,0.008595624581486919,-0.999962205438866,0.0013549326573664598,0,0,0,0,1],"cubemap_frame_matrix":[1,0,0,0,0,-1,-1.2246467991473532e-16,0,0,1.2246467991473532e-16,-1,0,0,0,0,1],"cam_rotation":{"_x":0.08458134067357134,"_y":1.6906907266558344,"_z":0,"_order":"YXZ"},"heading":4.588637880997879,"elevation":0.07542835602598885,"mouse_left_top":{"x":-0.4692982456140351,"y":0.7384615384615385,"z":0.5},"mouse_right_top":{"x":0.27105263157894743,"y":0.7384615384615385,"z":0.5},"mouse_left_bottom":{"x":-0.4692982456140351,"y":-0.5753846153846154,"z":0.5},"mouse_right_bottom":{"x":0.27105263157894743,"y":-0.5753846153846154,"z":0.5},"obj_name":"paint"},{"scan":"vyrNrziPKCB","image_id":"a8d469effcab42d0b230395a883361bb","camera_matrix":[-0.6525992775982168,-2.7755575615628914e-17,-0.7577032287632708,0,-0.4983252774365565,0.753298561283478,0.4292006470591827,0,0.570776752107218,0.6576787039035414,-0.49160209690937373,0,0,0,0,1],"camera_pose_matrix":[0.9999630012408003,0.0030512040074490415,0.007944058436532368,0,-0.0079113840123094,-0.010575508559443177,0.9999119969316538,0,0.0031349515653942904,-0.9999390030683472,-0.010550990199688297,0,10.4597,-21.062,1.53797,1],"world_frame_matrix":[-0.9722653407786979,-0.008040827875819133,0.23374466412626804,0,-0.2337248318913248,-0.00332652191592682,-0.972297280550224,0,0.008595625994176294,-0.9999622056275561,0.0013549195461591273,0,0,0,0,1],"cubemap_frame_matrix":[1,0,0,0,0,-1,-1.2246467991473532e-16,0,0,1.2246467991473532e-16,-1,0,0,0,0,1],"cam_rotation":{"_x":-0.7177330908585912,"_y":2.281806186476019,"_z":6.963788539953295e-18,"_order":"YXZ"},"heading":4.000785734982458,"elevation":-0.7306347019654882,"mouse_left_top":{"x":-0.3026315789473685,"y":0.1907692307692308,"z":0.5},"mouse_right_top":{"x":0.05175438596491233,"y":0.1907692307692308,"z":0.5},"mouse_left_bottom":{"x":-0.3026315789473685,"y":-0.41538461538461546,"z":0.5},"mouse_right_bottom":{"x":0.05175438596491233,"y":-0.41538461538461546,"z":0.5},"obj_name":"round side table"},{"scan":"vyrNrziPKCB","image_id":"46959f49c0b9487daf8ee51d602d3a4f","camera_matrix":[-0.8562899033412953,0,-0.5164954999182034,0,-0.15960588699290923,0.9510565162951535,0.2646081322441415,0,0.4912164108343304,0.30901699437494756,-0.814380092410486,0,0,0,0,1],"camera_pose_matrix":[0.9999630012408004,0.0030512040074489517,0.007944058436532404,0,-0.00791138401230949,-0.010575508559443517,0.9999119969316538,0,0.003134951565394327,-0.9999390030683472,-0.010550990199688639,0,7.89492,-17.2031,1.55434,1],"world_frame_matrix":[0.030374178771630164,-0.00756075547552114,-0.999510341282044,0,0.9994680623285899,0.01221016722692103,0.030280726419873366,0,0.011975436425472602,-0.9998980879447815,0.007927415895761871,0,0,0,0,1],"cubemap_frame_matrix":[1,0,0,0,0,-1,-1.2246467991473532e-16,0,0,1.2246467991473532e-16,-1,0,0,0,0,1],"cam_rotation":{"_x":-0.3141592653589795,"_y":-3.6843458726363902,"_z":0,"_order":"YXZ"},"heading":3.6808020624116735,"elevation":-0.3272970502445226,"mouse_left_top":{"x":-0.1657894736842105,"y":0.20923076923076922,"z":0.5},"mouse_right_top":{"x":0.17982456140350878,"y":0.20923076923076922,"z":0.5},"mouse_left_bottom":{"x":-0.1657894736842105,"y":-0.6892307692307693,"z":0.5},"mouse_right_bottom":{"x":0.17982456140350878,"y":-0.6892307692307693,"z":0.5},"obj_name":"sofa/seat"},{"scan":"vyrNrziPKCB","image_id":"46959f49c0b9487daf8ee51d602d3a4f","camera_matrix":[-0.9974439405948131,3.4694469519536138e-18,-0.0714533790012084,0,-0.0347251570147248,0.8739680326265182,0.4847412107684222,0,0.062447969070203085,0.48598341324260563,-0.8717341184168904,0,0,0,0,1],"camera_pose_matrix":[0.9999630012408005,0.003051204007448951,0.007944058436532408,0,-0.00791138401230949,-0.01057550855944396,0.9999119969316538,0,0.0031349515653943285,-0.9999390030683472,-0.010550990199689083,0,7.89492,-17.2031,1.55434,1],"world_frame_matrix":[0.03037382166669331,-0.007560473614680351,-0.9995106183610777,0,0.9994683441896759,0.012209804224586644,0.030280450072925336,0,0.011975159346194702,-0.9998983642917328,0.007927047064965442,0,0,0,0,1],"cubemap_frame_matrix":[1,0,0,0,0,-1,-1.2246467991473532e-16,0,0,1.2246467991473532e-16,-1,0,0,0,0,1],"cam_rotation":{"_x":-0.5074880440414277,"_y":3.070078332581666,"_z":0,"_order":"YXZ"},"heading":3.2059618390222884,"elevation":-0.5185653899955509,"mouse_left_top":{"x":-0.15701754385964917,"y":0.18461538461538463,"z":0.5},"mouse_right_top":{"x":0.03771929824561404,"y":0.18461538461538463,"z":0.5},"mouse_left_bottom":{"x":-0.15701754385964917,"y":-0.3046153846153845,"z":0.5},"mouse_right_bottom":{"x":0.03771929824561404,"y":-0.3046153846153845,"z":0.5},"obj_name":"round side table"},{"scan":"vyrNrziPKCB","image_id":"5530eac6cc8540a8ba22d50487a5dd2f","camera_matrix":[0.43835349774040816,0,0.8988026541008599,0,0.2235231306318148,0.9685831611286312,-0.10901408189138152,0,-0.8705651159398147,0.24868988716485474,0.4245818165331968,0,0,0,0,1],"camera_pose_matrix":[0.9999630012408004,0.0030512040074489517,0.007944058436532404,0,-0.00791138401230949,-0.010575508559443517,0.9999119969316538,0,0.003134951565394327,-0.9999390030683472,-0.010550990199688639,0,9.00066,-11.8888,1.5727,1],"world_frame_matrix":[0.9934846170777096,0.007041121541343335,-0.11375126647918088,0,0.11368400679237234,0.009312792651999578,0.9934736372482115,0,0.008054512230193333,-0.9999326809901196,0.008451655067204583,0,0,0,0,1],"cubemap_frame_matrix":[1,0,0,0,0,-1,-1.2246467991473532e-16,0,0,1.2246467991473532e-16,-1,0,0,0,0,1],"cam_rotation":{"_x":-0.25132741228718336,"_y":-1.1170303575481384,"_z":0,"_order":"YXZ"},"heading":1.1124359443628222,"elevation":-0.23955730253903182,"mouse_left_top":{"x":-0.3324561403508772,"y":0.6369230769230769,"z":0.5},"mouse_right_top":{"x":0.46403508771929824,"y":0.6369230769230769,"z":0.5},"mouse_left_bottom":{"x":-0.3324561403508772,"y":-0.5076923076923077,"z":0.5},"mouse_right_bottom":{"x":0.46403508771929824,"y":-0.5076923076923077,"z":0.5},"obj_name":"fireplace"},{"scan":"vyrNrziPKCB","image_id":"f9b338cf59ea46cd810548040b85ca3b","camera_matrix":[0.3272219034847108,0,-0.9449475254636325,0,-0.0638911618587061,0.997711592313791,-0.022124601669280913,0,0.9427851002832973,0.06761344956944386,0.3264730863656805,0,0,0,0,1],"camera_pose_matrix":[0.9999630012408005,0.003051204007448951,0.007944058436532408,0,-0.00791138401230949,-0.01057550855944396,0.9999119969316538,0,0.0031349515653943285,-0.9999390030683472,-0.010550990199689083,0,7.47779,-11.39,1.57849,1],"world_frame_matrix":[0.9975479009266495,0.008726946737801862,0.06944729688914829,0,-0.06944495991057784,-0.0005722273459072948,0.9975862404694199,0,0.008745618910143365,-0.9999625181524509,0.00003521826636508702,0,0,0,0,1],"cubemap_frame_matrix":[1,0,0,0,0,-1,-1.2246467991473532e-16,0,0,1.2246467991473532e-16,-1,0,0,0,0,1],"cam_rotation":{"_x":-0.06766507253885728,"_y":1.2374342018596989,"_z":0,"_order":"YXZ"},"heading":5.04353555315374,"elevation":-0.07171393234073001,"mouse_left_top":{"x":-0.25701754385964914,"y":0.7046153846153846,"z":0.5},"mouse_right_top":{"x":0.3482456140350878,"y":0.7046153846153846,"z":0.5},"mouse_left_bottom":{"x":-0.25701754385964914,"y":-0.4830769230769232,"z":0.5},"mouse_right_bottom":{"x":0.3482456140350878,"y":-0.4830769230769232,"z":0.5},"obj_name":"paint"},{"scan":"vyrNrziPKCB","image_id":"a73871837379498eb16527c6b9c9aa20","camera_matrix":[-0.7337786695318214,0,0.6793885958272405,0,0.31863143796714494,0.88319958320528,0.34414023735246235,0,-0.6000357246690393,0.4689973307237681,-0.6480730150954295,0,0,0,0,1],"camera_pose_matrix":[0.9999630012408007,0.003051204007448951,0.007944058436532411,0,-0.00791138401230949,-0.010575508559444405,0.9999119969316538,0,0.003134951565394333,-0.9999390030683472,-0.010550990199689527,0,1.99561,-11.9228,1.55198,1],"world_frame_matrix":[0.11590082672033462,-0.0031457300839193565,0.9932563788488029,0,-0.9932623296319357,-0.0004681045314433839,0.11590046556998344,0,0.00009993331479951943,-0.9999957340607111,-0.0031791608909031463,0,0,0,0,1],"cubemap_frame_matrix":[1,0,0,0,0,-1,-1.2246467991473532e-16,0,0,1.2246467991473532e-16,-1,0,0,0,0,1],"cam_rotation":{"_x":-0.4881551661731828,"_y":3.888521739538444,"_z":0,"_order":"YXZ"},"heading":2.384644866288018,"elevation":-0.4904551675214536,"mouse_left_top":{"x":-0.3956140350877193,"y":0.36615384615384616,"z":0.5},"mouse_right_top":{"x":0.36578947368421044,"y":0.36615384615384616,"z":0.5},"mouse_left_bottom":{"x":-0.3956140350877193,"y":-0.6307692307692307,"z":0.5},"mouse_right_bottom":{"x":0.36578947368421044,"y":-0.6307692307692307,"z":0.5},"obj_name":"table"},{"scan":"vyrNrziPKCB","image_id":"3946fdd3e06a4701a588bd2e7b6e30da","camera_matrix":[0.842486747394305,0,-0.5387170690306408,0,-0.18248389956407834,0.9408807689542255,-0.285382208646567,0,0.5068685301583159,0.33873792024529126,0.792679578722098,0,0,0,0,1],"camera_pose_matrix":[0.9999630012408006,0.0030512040074489504,0.007944058436532408,0,-0.00791138401230949,-0.010575508559444183,0.9999119969316538,0,0.00313495156539433,-0.9999390030683472,-0.010550990199689305,0,5.18,-14.3507,1.5627,1],"world_frame_matrix":[0.04819503673064526,-0.0062903460341036275,-0.998818535186413,0,0.9988389949566131,-0.00010663132640052331,0.04819684158352652,0,-0.0004095328877032262,-0.999980698184999,0.006277757220568491,0,0,0,0,1],"cubemap_frame_matrix":[1,0,0,0,0,-1,-1.2246467991473532e-16,0,0,1.2246467991473532e-16,-1,0,0,0,0,1],"cam_rotation":{"_x":-0.34557519189487723,"_y":0.5689135760121282,"_z":0,"_order":"YXZ"},"heading":5.7155987460427635,"elevation":-0.34093809105628203,"mouse_left_top":{"x":-0.46228070175438596,"y":0.17538461538461536,"z":0.5},"mouse_right_top":{"x":0.2973684210526315,"y":0.17538461538461536,"z":0.5},"mouse_left_bottom":{"x":-0.46228070175438596,"y":-0.7292307692307691,"z":0.5},"mouse_right_bottom":{"x":0.2973684210526315,"y":-0.7292307692307691,"z":0.5},"obj_name":"table"},{"scan":"vyrNrziPKCB","image_id":"5ca3a899d8b0431083b139d73ffdf6c9","camera_matrix":[0.7486610199672802,2.7755575615628907e-17,0.6629529977166945,0,0.2851675939225482,0.902758607353269,-0.32203468792353873,0,-0.5984865249593979,0.43014752916829163,0.6758601797653397,0,0,0,0,1],"camera_pose_matrix":[0.9999630012408007,0.003051204007448951,0.007944058436532411,0,-0.00791138401230949,-0.010575508559444405,0.9999119969316538,0,0.003134951565394333,-0.9999390030683472,-0.010550990199689527,0,2.25505,-14.2196,1.55975,1],"world_frame_matrix":[0.020657857589913592,-0.005500272013695955,-0.9997722810612764,0,0.9997496625972337,0.00888263456723869,0.020608720042148705,0,0.008767443562854499,-0.9999461867807841,0.0056821894174158335,0,0,0,0,1],"cubemap_frame_matrix":[1,0,0,0,0,-1,-1.2246467991473532e-16,0,0,1.2246467991473532e-16,-1,0,0,0,0,1],"cam_rotation":{"_x":-0.44465619096963194,"_y":-0.7247562786984719,"_z":0,"_order":"YXZ"},"heading":0.7211737309185815,"elevation":-0.4314898124319861,"mouse_left_top":{"x":-0.5903508771929824,"y":0.2676923076923077,"z":0.5},"mouse_right_top":{"x":0.5728070175438595,"y":0.2676923076923077,"z":0.5},"mouse_left_bottom":{"x":-0.5903508771929824,"y":-0.8215384615384616,"z":0.5},"mouse_right_bottom":{"x":0.5728070175438595,"y":-0.8215384615384616,"z":0.5},"obj_name":"table"},{"scan":"vyrNrziPKCB","image_id":"b5145233e4ab457ba0c31f9eb20307bf","camera_matrix":[-0.8672090592111232,-1.3877787807814454e-17,-0.49794422139649114,0,-0.13081362089220888,0.9648755533435515,0.22782221829541735,0,0.48045420615416323,0.26270737819858675,-0.8367488208708732,0,0,0,0,1],"camera_pose_matrix":[0.9999630012408008,0.003051204007448952,0.007944058436532413,0,-0.00791138401230949,-0.010575508559444849,0.9999119969316538,0,0.003134951565394336,-0.9999390030683472,-0.01055099019968997,0,4.99352,-11.7764,1.55851,1],"world_frame_matrix":[0.04623516238771712,0.001955503832421108,0.9989293522710628,0,-0.9988848426678908,-0.009679790631320448,0.04625265369238887,0,0.00975925817373153,-0.9999525604942288,0.0015051929938447064,0,0,0,0,1],"cubemap_frame_matrix":[1,0,0,0,0,-1,-1.2246467991473532e-16,0,0,1.2246467991473532e-16,-1,0,0,0,0,1],"cam_rotation":{"_x":-0.2658270706883671,"_y":-3.6628192427547335,"_z":0,"_order":"YXZ"},"heading":3.659268214072389,"elevation":-0.27893263035525817,"mouse_left_top":{"x":-0.42894736842105263,"y":0.11692307692307691,"z":0.5},"mouse_right_top":{"x":0.6394736842105264,"y":0.11692307692307691,"z":0.5},"mouse_left_bottom":{"x":-0.42894736842105263,"y":-0.6307692307692307,"z":0.5},"mouse_right_bottom":{"x":0.6394736842105264,"y":-0.6307692307692307,"z":0.5},"obj_name":"table"},{"scan":"vyrNrziPKCB","image_id":"b5145233e4ab457ba0c31f9eb20307bf","camera_matrix":[0.9559232214823811,6.938893903907226e-18,0.29361674787168734,0,0.06266482907524086,0.9769596933041286,-0.2040168543431487,0,-0.2868517279496794,0.2134238919594118,0.9338984572817216,0,0,0,0,1],"camera_pose_matrix":[0.999963001240801,0.0030512040074489517,0.007944058436532416,0,-0.007911384012309492,-0.010575508559445071,0.9999119969316538,0,0.0031349515653943377,-0.9999390030683472,-0.010550990199690193,0,4.99352,-11.7764,1.55851,1],"world_frame_matrix":[0.04623408143068043,0.00195461785136797,0.9989302146648372,0,-0.9988857286500825,-0.00968094189394379,0.046251812579322135,0,0.009760120568052127,-0.9999534016067474,0.0015040291559476789,0,0,0,0,1],"cubemap_frame_matrix":[1,0,0,0,0,-1,-1.2246467991473532e-16,0,0,1.2246467991473532e-16,-1,0,0,0,0,1],"cam_rotation":{"_x":-0.21507826628422422,"_y":-0.2980081637782972,"_z":1.4382982095177163e-17,"_order":"YXZ"},"heading":0.2958665903584048,"elevation":-0.20265722475843534,"mouse_left_top":{"x":-0.24298245614035086,"y":0.4461538461538461,"z":0.5},"mouse_right_top":{"x":0.05350877192982462,"y":0.4461538461538461,"z":0.5},"mouse_left_bottom":{"x":-0.24298245614035086,"y":0.12923076923076926,"z":0.5},"mouse_right_bottom":{"x":0.05350877192982462,"y":0.12923076923076926,"z":0.5},"obj_name":"screen"},{"scan":"vyrNrziPKCB","image_id":"de9e1c3afd574dd79fb4c0a7282f7935","camera_matrix":[-0.9817469532351601,0,0.19019179744005602,0,-0.05085115236656227,0.9635945661430004,-0.26248747094418706,0,-0.18326778253820822,-0.26736774693235293,-0.9460060294648466,0,0,0,0,1],"camera_pose_matrix":[0.9999630012408008,0.003051204007448952,0.007944058436532413,0,-0.00791138401230949,-0.010575508559444849,0.9999119969316538,0,0.003134951565394336,-0.9999390030683472,-0.01055099019968997,0,-0.581395,-13.6463,1.54787,1],"world_frame_matrix":[0.038575712088409674,-0.008733649058775888,-0.9992182407678265,0,0.9992381795086016,0.006373394452054055,0.03852090745369382,0,0.006032113115070216,-0.9999423292927565,0.008972720542842306,0,0,0,0,1],"cubemap_frame_matrix":[1,0,0,0,0,-1,-1.2246467991473532e-16,0,0,1.2246467991473532e-16,-1,0,0,0,0,1],"cam_rotation":{"_x":0.2706602901554283,"_y":-2.95023514733669,"_z":0,"_order":"YXZ"},"heading":2.9498129563199678,"elevation":0.2617992643719097,"mouse_left_top":{"x":-0.6166666666666667,"y":0.48,"z":0.5},"mouse_right_top":{"x":0.47456140350877196,"y":0.48,"z":0.5},"mouse_left_bottom":{"x":-0.6166666666666667,"y":-0.6399999999999999,"z":0.5},"mouse_right_bottom":{"x":0.47456140350877196,"y":-0.6399999999999999,"z":0.5},"obj_name":"shelf"},{"scan":"vyrNrziPKCB","image_id":"74ce15df381c460a8be6fac9709c6a58","camera_matrix":[-0.9903268117397598,0,-0.1387544808262455,0,-0.04888934825991952,0.935870453225592,0.348935991846707,0,0.12985621885794013,0.3523442844425389,-0.9268176021443446,0,0,0,0,1],"camera_pose_matrix":[0.9999630012408012,0.003051204007448952,0.00794405843653242,0,-0.007911384012309492,-0.010575508559445737,0.9999119969316538,0,0.003134951565394343,-0.9999390030683472,-0.010550990199690859,0,-1.95011,-13.6243,1.53926,1],"world_frame_matrix":[0.05667681387502849,-0.0036729822354402255,-0.998386860192208,0,0.9983766124203021,0.005938661281242507,0.05665453055496284,0,0.0057211333120274765,-0.9999764741242061,0.0040034638448164335,0,0,0,0,1],"cubemap_frame_matrix":[1,0,0,0,0,-1,-1.2246467991473532e-16,0,0,1.2246467991473532e-16,-1,0,0,0,0,1],"cam_rotation":{"_x":-0.3600748502960606,"_y":-3.280796272140078,"_z":0,"_order":"YXZ"},"heading":3.2752444288334646,"elevation":-0.3716184435328518,"mouse_left_top":{"x":-0.3131578947368421,"y":0.3630769230769231,"z":0.5},"mouse_right_top":{"x":0.3850877192982456,"y":0.3630769230769231,"z":0.5},"mouse_left_bottom":{"x":-0.3131578947368421,"y":-0.29846153846153856,"z":0.5},"mouse_right_bottom":{"x":0.3850877192982456,"y":-0.29846153846153856,"z":0.5},"obj_name":"microwave"},{"scan":"vyrNrziPKCB","image_id":"d5363662598b42b5b72a401065028040","camera_matrix":[0.7584676931125476,1.3877787807814446e-17,-0.6517106401651954,0,-0.2413743190641672,0.9288841584297444,-0.28091396959669884,0,0.6053636895295575,0.3703703824798431,0.7045286248129985,0,0,0,0,1],"camera_pose_matrix":[0.9999630012408013,0.0030512040074489525,0.007944058436532422,0,-0.007911384012309492,-0.010575508559446181,0.9999119969316538,0,0.003134951565394346,-0.9999390030683472,-0.010550990199691303,0,-3.0958,-11.0108,1.53067,1],"world_frame_matrix":[-0.9995431102096932,0.00015762254684766695,-0.030259889357264886,0,0.030254731396489258,-0.013960202182353677,-0.9994454509947742,0,-0.0005799685992551815,-0.9999030849735693,0.013949038155564577,0,0,0,0,1],"cubemap_frame_matrix":[1,0,0,0,0,-1,-1.2246467991473532e-16,0,0,1.2246467991473532e-16,-1,0,0,0,0,1],"cam_rotation":{"_x":-0.37940772816430557,"_y":0.709837647078382,"_z":0,"_order":"YXZ"},"heading":5.5753747730340235,"elevation":-0.37654914589013533,"mouse_left_top":{"x":-0.19736842105263153,"y":0.11076923076923073,"z":0.5},"mouse_right_top":{"x":0.30614035087719293,"y":0.11076923076923073,"z":0.5},"mouse_left_bottom":{"x":-0.19736842105263153,"y":-0.32000000000000006,"z":0.5},"mouse_right_bottom":{"x":0.30614035087719293,"y":-0.32000000000000006,"z":0.5},"obj_name":"sink"},{"scan":"vyrNrziPKCB","image_id":"d5363662598b42b5b72a401065028040","camera_matrix":[-0.022267940514979028,4.163336342344334e-17,-0.9997520386701992,0,-0.23221268037340062,0.9726512836680375,0.005172180654171756,0,0.9724101037623071,0.23227027441951853,-0.021658940926537737,0,0,0,0,1],"camera_pose_matrix":[0.9999630012408014,0.003051204007448953,0.007944058436532423,0,-0.007911384012309492,-0.010575508559446403,0.9999119969316538,0,0.0031349515653943476,-0.9999390030683472,-0.010550990199691525,0,-3.0958,-11.0108,1.53067,1],"world_frame_matrix":[-0.9995431102098273,0.0001576225490096336,-0.030259889355049193,0,0.030254731398651223,-0.0139602023301387,-0.9994454509926788,0,-0.0005799686014708724,-0.9999030849756647,0.01394903800764588,0,0,0,0,1],"cubemap_frame_matrix":[1,0,0,0,0,-1,-1.2246467991473532e-16,0,0,1.2246467991473532e-16,-1,0,0,0,0,1],"cam_rotation":{"_x":-0.23441114415246891,"_y":1.5930661080218278,"_z":2.9880556540601384e-17,"_order":"YXZ"},"heading":4.68955010697885,"elevation":-0.24257541044615083,"mouse_left_top":{"x":0.06228070175438605,"y":0.024615384615384595,"z":0.5},"mouse_right_top":{"x":0.1271929824561404,"y":0.024615384615384595,"z":0.5},"mouse_left_bottom":{"x":0.06228070175438605,"y":-0.23384615384615381,"z":0.5},"mouse_right_bottom":{"x":0.1271929824561404,"y":-0.23384615384615381,"z":0.5},"obj_name":"bottle"},{"scan":"vyrNrziPKCB","image_id":"468e68b506364540972f4c718ca8c752","camera_matrix":[0.9540428951244118,-1.3877787807814444e-17,0.2996700756876281,0,0.15067047611417098,0.8644098377842934,-0.4796811857570194,0,-0.25903776151394964,0.5027878601773623,0.8246840642137507,0,0,0,0,1],"camera_pose_matrix":[0.9999630012408015,0.0030512040074489534,0.007944058436532423,0,-0.007911384012309492,-0.010575508559446625,0.9999119969316538,0,0.0031349515653943502,-0.9999390030683472,-0.010550990199691747,0,-1.89206,-10.4972,1.53543,1],"world_frame_matrix":[-0.136863165251717,0.02227123095869301,0.9903403328520831,0,-0.9905795770460522,-0.007737228920556244,-0.1367222674680846,0,0.0046175502337537375,-0.9997221993975526,0.023120389968156612,0,0,0,0,1],"cubemap_frame_matrix":[1,0,0,0,0,-1,-1.2246467991473532e-16,0,0,1.2246467991473532e-16,-1,0,0,0,0,1],"cam_rotation":{"_x":-0.5268209219096727,"_y":-0.30434681816119175,"_z":0,"_order":"YXZ"},"heading":0.3037771831453606,"elevation":-0.5143681227133436,"mouse_left_top":{"x":-0.36403508771929827,"y":0.07999999999999996,"z":0.5},"mouse_right_top":{"x":0.418421052631579,"y":0.07999999999999996,"z":0.5},"mouse_left_bottom":{"x":-0.36403508771929827,"y":-0.34769230769230774,"z":0.5},"mouse_right_bottom":{"x":0.418421052631579,"y":-0.34769230769230774,"z":0.5},"obj_name":"stoves"},{"scan":"vyrNrziPKCB","image_id":"d5363662598b42b5b72a401065028040","camera_matrix":[-0.4648068083524462,5.551115123125778e-17,0.8854121248939447,0,0.43589432586902427,0.8704217989606604,0.22882750833166046,0,-0.7706820145717684,0.49230670510778846,-0.4045779782952993,0,0,0,0,1],"camera_pose_matrix":[0.9999630012408015,0.0030512040074489534,0.007944058436532423,0,-0.007911384012309492,-0.010575508559446625,0.9999119969316538,0,0.0031349515653943502,-0.9999390030683472,-0.010550990199691747,0,-3.0958,-11.0108,1.53067,1],"world_frame_matrix":[-0.9995431102098271,0.0001576225490091377,-0.030259889355049696,0,0.03025473139865073,-0.013960202330104983,-0.9994454509926792,0,-0.0005799686014703678,-0.9999030849756643,0.013949038007679763,0,0,0,0,1],"cubemap_frame_matrix":[1,0,0,0,0,-1,-1.2246467991473532e-16,0,0,1.2246467991473532e-16,-1,0,0,0,0,1],"cam_rotation":{"_x":-0.5147378732420196,"_y":4.228972575704844,"_z":5.707199709017562e-17,"_order":"YXZ"},"heading":2.0437702942462437,"elevation":-0.5125602545701935,"mouse_left_top":{"x":-0.07280701754385965,"y":0.316923076923077,"z":0.5},"mouse_right_top":{"x":0.14298245614035077,"y":0.316923076923077,"z":0.5},"mouse_left_bottom":{"x":-0.07280701754385965,"y":-0.283076923076923,"z":0.5},"mouse_right_bottom":{"x":0.14298245614035077,"y":-0.283076923076923,"z":0.5},"obj_name":"sink"},{"scan":"vyrNrziPKCB","image_id":"468e68b506364540972f4c718ca8c752","camera_matrix":[-0.964891633152026,0,-0.26264831290761087,0,-0.11640351174655729,0.8964269372957034,0.42763181423242275,0,0.23544502272565332,0.443191545599241,-0.8649548515287206,0,0,0,0,1],"camera_pose_matrix":[0.9999630012408016,0.0030512040074489543,0.007944058436532427,0,-0.00791138401230949,-0.01057550855944707,0.9999119969316538,0,0.0031349515653943533,-0.9999390030683472,-0.010550990199692191,0,-1.89206,-10.4972,1.53543,1],"world_frame_matrix":[-0.1368632010672287,0.02227121326901767,0.9903403459757477,0,-0.9905795947357205,-0.00773726653757469,-0.13672225066362761,0,0.004617537110096799,-0.9997222162020062,0.023120316535654585,0,0,0,0,1],"cubemap_frame_matrix":[1,0,0,0,0,-1,-1.2246467991473532e-16,0,0,1.2246467991473532e-16,-1,0,0,0,0,1],"cam_rotation":{"_x":-0.4591558493708159,"_y":-3.407358509338482,"_z":0,"_order":"YXZ"},"heading":3.4018004857755857,"elevation":-0.47141712602448566,"mouse_left_top":{"x":-0.14649122807017545,"y":0.2892307692307692,"z":0.5},"mouse_right_top":{"x":0.13947368421052642,"y":0.2892307692307692,"z":0.5},"mouse_left_bottom":{"x":-0.14649122807017545,"y":-0.29538461538461536,"z":0.5},"mouse_right_bottom":{"x":0.13947368421052642,"y":-0.29538461538461536,"z":0.5},"obj_name":"sink"},{"scan":"vyrNrziPKCB","image_id":"3a0dc03705854da6abdd90b433887691","camera_matrix":[0.6541780285672296,0,0.7563406024668327,0,0.19693209792420163,0.9655075964963433,-0.170331529421379,0,-0.7302525972203484,0.26037488570876693,0.6316138560426624,0,0,0,0,1],"camera_pose_matrix":[0.9999630012408018,0.0030512040074489525,0.007944058436532427,0,-0.00791138401230949,-0.010575508559447739,0.999911996931654,0,0.003134951565394356,-0.9999390030683472,-0.010550990199692857,0,-3.14836,-12.4978,1.53774,1],"world_frame_matrix":[-0.9993377251173456,-0.001970730545757069,-0.03635874183106821,0,0.036380533202977454,-0.012482546333854396,-0.9992600882975438,0,0.0015154215417183048,-0.9999203030777469,0.012545967324245809,0,0,0,0,1],"cubemap_frame_matrix":[1,0,0,0,0,-1,-1.2246467991473532e-16,0,0,1.2246467991473532e-16,-1,0,0,0,0,1],"cam_rotation":{"_x":-0.2634104609548369,"_y":5.425484315220832,"_z":0,"_order":"YXZ"},"heading":0.8538774450587301,"elevation":-0.25049837471989045,"mouse_left_top":{"x":-0.15701754385964917,"y":0.027692307692307683,"z":0.5},"mouse_right_top":{"x":0.08684210526315783,"y":0.027692307692307683,"z":0.5},"mouse_left_bottom":{"x":-0.15701754385964917,"y":-0.43999999999999995,"z":0.5},"mouse_right_bottom":{"x":0.08684210526315783,"y":-0.43999999999999995,"z":0.5},"obj_name":"sink"},{"scan":"vyrNrziPKCB","image_id":"c929b31b97a14f91b1cadb318a4a8353","camera_matrix":[0.013444346607653031,-2.7755575615628907e-17,0.9999096206879364,0,0.43446644821238034,0.9006690738310987,-0.00584164548306329,0,-0.9005876719798089,0.43450571854030945,0.012108907207379112,0,0,0,0,1],"camera_pose_matrix":[0.9999630012408008,0.003051204007448952,0.007944058436532413,0,-0.00791138401230949,-0.010575508559444849,0.9999119969316538,0,0.003134951565394336,-0.9999390030683472,-0.01055099019968997,0,1.79951,-10.3588,1.56038,1],"world_frame_matrix":[-0.9993168466037041,-0.026627755981497456,-0.025644656130974244,0,0.02578319516076207,-0.0048722668411496865,-0.999656365834679,0,0.02649364348433923,-0.9996340942037073,0.005555483714565432,0,0,0,0,1],"cubemap_frame_matrix":[1,0,0,0,0,-1,-1.2246467991473532e-16,0,0,1.2246467991473532e-16,-1,0,0,0,0,1],"cam_rotation":{"_x":-0.44948941043669344,"_y":-1.5573515751423344,"_z":0,"_order":"YXZ"},"heading":1.5492817757556714,"elevation":-0.4413779195007755,"mouse_left_top":{"x":0.025438596491228038,"y":0.19999999999999996,"z":0.5},"mouse_right_top":{"x":0.1271929824561404,"y":0.19999999999999996,"z":0.5},"mouse_left_bottom":{"x":0.025438596491228038,"y":-0.1200000000000001,"z":0.5},"mouse_right_bottom":{"x":0.1271929824561404,"y":-0.1200000000000001,"z":0.5},"obj_name":"wine bottles"},{"scan":"vyrNrziPKCB","image_id":"d771d6746f274d4d90697765491f308e","camera_matrix":[-0.39746454185387503,2.7755575615628907e-17,-0.9176175335993146,0,0.34397401614271067,0.9270832347058099,-0.14899178549861777,0,0.8507078312720199,-0.3748555400783239,-0.36848271314275316,0,0,0,0,1],"camera_pose_matrix":[0.999963001240801,0.0030512040074489517,0.007944058436532416,0,-0.007911384012309492,-0.010575508559445071,0.9999119969316538,0,0.0031349515653943377,-0.9999390030683472,-0.010550990199690193,0,1.84801,-9.01059,1.55905,1],"world_frame_matrix":[-0.9982983997641954,-0.01550651910243639,-0.05622502962428545,0,0.056409363152593685,-0.01172062202630849,-0.9983388420146933,0,0.014821759947262965,-0.999811148890372,0.012575386747356788,0,0,0,0,1],"cubemap_frame_matrix":[1,0,0,0,0,-1,-1.2246467991473532e-16,0,0,1.2246467991473532e-16,-1,0,0,0,0,1],"cam_rotation":{"_x":0.38424094763136646,"_y":1.979548425721717,"_z":0,"_order":"YXZ"},"heading":4.29795482065286,"elevation":0.3727488496618055,"mouse_left_top":{"x":-0.362280701754386,"y":0.24,"z":0.5},"mouse_right_top":{"x":0.027192982456140324,"y":0.24,"z":0.5},"mouse_left_bottom":{"x":-0.362280701754386,"y":-0.34769230769230774,"z":0.5},"mouse_right_bottom":{"x":0.027192982456140324,"y":-0.34769230769230774,"z":0.5},"obj_name":"paint"},{"scan":"vyrNrziPKCB","image_id":"d771d6746f274d4d90697765491f308e","camera_matrix":[-0.06423496437937781,1.1796119636642288e-16,-0.9979348021545196,0,-0.0843060585408978,0.9964251303865358,0.005426603677563597,0,0.9943673153540792,0.08448052754436748,-0.06400533275709595,0,0,0,0,1],"camera_pose_matrix":[0.9999630012408011,0.0030512040074489512,0.007944058436532416,0,-0.007911384012309492,-0.010575508559445515,0.9999119969316538,0,0.00313495156539434,-0.9999390030683472,-0.010550990199690637,0,1.84801,-9.01059,1.55905,1],"world_frame_matrix":[-0.9982983997672349,-0.015506519059564959,-0.05622502960001935,0,0.05640936319546509,-0.011720623241580025,-0.9983388419985132,0,0.014821759922996874,-0.9998111489065521,0.012575385529045559,0,0,0,0,1],"cubemap_frame_matrix":[1,0,0,0,0,-1,-1.2246467991473532e-16,0,0,1.2246467991473532e-16,-1,0,0,0,0,1],"cam_rotation":{"_x":-0.08458134067357181,"_y":1.6350755470386258,"_z":1.1975440640747453e-16,"_order":"YXZ"},"heading":4.645909751895583,"elevation":-0.09318259010806747,"mouse_left_top":{"x":-0.2482456140350877,"y":0.21846153846153848,"z":0.5},"mouse_right_top":{"x":0.3377192982456141,"y":0.21846153846153848,"z":0.5},"mouse_left_bottom":{"x":-0.2482456140350877,"y":-0.6492307692307693,"z":0.5},"mouse_right_bottom":{"x":0.3377192982456141,"y":-0.6492307692307693,"z":0.5},"obj_name":"paint"},{"scan":"vyrNrziPKCB","image_id":"ef592c66cb3e474c9a814c9973712487","camera_matrix":[0.5893965273034558,0,0.8078438794733961,0,0.3474920487092084,0.9027586073532687,-0.2535274599199531,0,-0.729288015592265,0.43014752916829163,0.5320827881673206,0,0,0,0,1],"camera_pose_matrix":[0.9999630012408012,0.003051204007448952,0.00794405843653242,0,-0.007911384012309492,-0.010575508559445737,0.9999119969316538,0,0.003134951565394343,-0.9999390030683472,-0.010550990199690859,0,2.05596,-7.35654,1.56309,1],"world_frame_matrix":[-0.11203946248689353,0.031234521124175015,-0.9932135311214529,0,0.9927509309025758,0.047288064706795606,-0.11050013154229227,0,0.043515744282087564,-0.9983936507651026,-0.03630625168475562,0,0,0,0,1],"cubemap_frame_matrix":[1,0,0,0,0,-1,-1.2246467991473532e-16,0,0,1.2246467991473532e-16,-1,0,0,0,0,1],"cam_rotation":{"_x":-0.44465619096963194,"_y":5.342700600927082,"_z":0,"_order":"YXZ"},"heading":0.9355959195927444,"elevation":-0.4320160276521589,"mouse_left_top":{"x":-0.406140350877193,"y":0.48307692307692307,"z":0.5},"mouse_right_top":{"x":0.28333333333333344,"y":0.48307692307692307,"z":0.5},"mouse_left_bottom":{"x":-0.406140350877193,"y":-0.46769230769230763,"z":0.5},"mouse_right_bottom":{"x":0.28333333333333344,"y":-0.46769230769230763,"z":0.5},"obj_name":"table"},{"scan":"vyrNrziPKCB","image_id":"c640736df26241529c55198137868ecd","camera_matrix":[-0.7285046349305628,0,0.6850408724190745,0,0.2735810627391246,0.9167921953165821,0.2909389501547235,0,-0.6280401253066701,0.3993645835656957,-0.667887363556296,0,0,0,0,1],"camera_pose_matrix":[0.9999630012408013,0.0030512040074489525,0.007944058436532422,0,-0.007911384012309492,-0.010575508559446181,0.9999119969316538,0,0.003134951565394346,-0.9999390030683472,-0.010550990199691303,0,2.24896,-5.00969,1.55906,1],"world_frame_matrix":[-0.03775792254080392,0.035863007855275054,-0.9986432263664439,0,0.9983107916608952,0.04553294241244007,-0.03611009255158588,0,0.04417623210223382,-0.9983195996406927,-0.03752174160490632,0,0,0,0,1],"cubemap_frame_matrix":[1,0,0,0,0,-1,-1.2246467991473532e-16,0,0,1.2246467991473532e-16,-1,0,0,0,0,1],"cam_rotation":{"_x":-0.41082365470020393,"_y":-2.386932851678852,"_z":0,"_order":"YXZ"},"heading":2.378150155506482,"elevation":-0.413031096163861,"mouse_left_top":{"x":-0.42543859649122806,"y":0.2861538461538462,"z":0.5},"mouse_right_top":{"x":0.3324561403508772,"y":0.2861538461538462,"z":0.5},"mouse_left_bottom":{"x":-0.42543859649122806,"y":-0.5107692307692309,"z":0.5},"mouse_right_bottom":{"x":0.3324561403508772,"y":-0.5107692307692309,"z":0.5},"obj_name":"table"},{"scan":"vyrNrziPKCB","image_id":"80a5f01f4277498385b71fff85b85bba","camera_matrix":[-0.9731386490758246,1.3877787807814452e-17,-0.2302198290219124,0,-0.1233579531254239,0.8443279255020147,0.5214337634044895,0,0.19438103064749992,0.5358267949789964,-0.8216481368000246,0,0,0,0,1],"camera_pose_matrix":[0.9999630012408014,0.003051204007448953,0.007944058436532423,0,-0.007911384012309492,-0.010575508559446403,0.9999119969316538,0,0.0031349515653943476,-0.9999390030683472,-0.010550990199691525,0,4.55578,-4.80981,1.57218,1],"world_frame_matrix":[-0.03508563715394446,0.033680438876876766,-0.9988170893448213,0,0.9983048481940454,0.04762798800680299,-0.03346150350379034,0,0.04644471624755832,-0.9982971171895781,-0.035294477933599126,0,0,0,0,1],"cubemap_frame_matrix":[1,0,0,0,0,-1,-1.2246467991473532e-16,0,0,1.2246467991473532e-16,-1,0,0,0,0,1],"cam_rotation":{"_x":-0.5654866776461627,"_y":-3.3738962273369273,"_z":0,"_order":"YXZ"},"heading":3.367379828020873,"elevation":-0.577574289187329,"mouse_left_top":{"x":-0.47456140350877196,"y":0.3076923076923077,"z":0.5},"mouse_right_top":{"x":0.8008771929824561,"y":0.3076923076923077,"z":0.5},"mouse_left_bottom":{"x":-0.47456140350877196,"y":-0.24923076923076914,"z":0.5},"mouse_right_bottom":{"x":0.8008771929824561,"y":-0.24923076923076914,"z":0.5},"obj_name":"table"},{"scan":"vyrNrziPKCB","image_id":"3193cd5f6d7a4b2bbf85d5043cbc6352","camera_matrix":[-0.10460712961030301,0,-0.9945136240568514,0,-0.3164500023005769,0.948025035873966,0.03328554341045893,0,0.9428238141236449,0.3181957437744331,-0.09917017780148016,0,0,0,0,1],"camera_pose_matrix":[0.9999630012408015,0.0030512040074489534,0.007944058436532423,0,-0.007911384012309492,-0.010575508559446625,0.9999119969316538,0,0.00313495156539435