[{"scan":"vyrNrziPKCB","image_id":"99238521b66449739abf0709053cca00","pose":[0.9981460673644794,0.06024958374765965,0.00853463790128666,0,-0.007911384009879258,-0.010575508559417388,0.999911996931662,0,0.06033456701298367,-0.998126899427847,-0.010079256644993546,0,16.0061,-22.0057,1.53389,1],"heading":6.222810978494095,"elevation":0.010079431553578181,"mouse_left_top":{"x":-0.09912280701754383,"y":-0.5292307692307692,"z":0.5},"mouse_right_top":{"x":0.05175438596491233,"y":-0.5292307692307692,"z":0.5},"mouse_left_bottom":{"x":-0.09912280701754383,"y":-0.8553846153846154,"z":0.5},"mouse_right_bottom":{"x":0.05175438596491233,"y":-0.8553846153846154,"z":0.5},"obj_name":"basket"},{"scan":"vyrNrziPKCB","image_id":"32ae1b4f7fb4435fa1311bcc9031b9c3","pose":[-0.9981084303324976,0.06103606172647321,-0.007251569844501983,0,-0.007911384009879258,-0.010575508559417388,0.999911996931662,0,0.06095402423972965,0.9980791145355842,0.011038396324287091,0,12.2949,-24.5436,1.76336,1],"heading":3.202588232245239,"elevation":-0.011038625147705164,"mouse_left_top":{"x":-0.16228070175438591,"y":-0.32615384615384624,"z":0.5},"mouse_right_top":{"x":-0.058771929824561364,"y":-0.32615384615384624,"z":0.5},"mouse_left_bottom":{"x":-0.16228070175438591,"y":-0.5661538461538462,"z":0.5},"mouse_right_bottom":{"x":-0.058771929824561364,"y":-0.5661538461538462,"z":0.5},"obj_name":"boot"},{"scan":"vyrNrziPKCB","image_id":"6f5e70ae957d4a95af44068aa4946744","pose":[0.5388997913586464,0.8422662629494848,0.013171996442305827,0,-0.007911384009879258,-0.010575508559417388,0.999911996931662,0,0.8423317913063875,-0.5389571986719568,0.0009643486639218891,0,8.01116,-15.6732,1.56177,1],"heading":5.281588340258101,"elevation":-0.000964349469817221,"mouse_left_top":{"x":-0.2657894736842106,"y":-0.18153846153846165,"z":0.5},"mouse_right_top":{"x":-0.023684210526315752,"y":-0.18153846153846165,"z":0.5},"mouse_left_bottom":{"x":-0.2657894736842106,"y":-0.4984615384615385,"z":0.5},"mouse_right_bottom":{"x":-0.023684210526315752,"y":-0.4984615384615385,"z":0.5},"obj_name":"grass"}]