[{"scan":"vyrNrziPKCB","image_id":"99238521b66449739abf0709053cca00","pose":[0.9981460673644794,0.06024958374765965,0.00853463790128666,0,-0.007911384009879258,-0.010575508559417388,0.999911996931662,0,0.06033456701298367,-0.998126899427847,-0.010079256644993546,0,16.0061,-22.0057,1.53389,1],"heading":6.222810978494095,"elevation":0.010079431553578181,"mouse_left_top":{"x":-0.11228070175438598,"y":-0.52,"z":0.5},"mouse_right_top":{"x":0.04561403508771922,"y":-0.52,"z":0.5},"mouse_left_bottom":{"x":-0.11228070175438598,"y":-0.8553846153846154,"z":0.5},"mouse_right_bottom":{"x":0.04561403508771922,"y":-0.8553846153846154,"z":0.5}},{"scan":"vyrNrziPKCB","image_id":"32ae1b4f7fb4435fa1311bcc9031b9c3","pose":[-0.9979953081183416,0.06286093519948772,-0.00723137414890869,0,-0.007911384009879258,-0.010575508559417388,0.999911996931662,0,0.06277895145346266,0.9979658423658895,0.011051637278712162,0,12.2949,-24.5436,1.76336,1],"heading":3.204416784005299,"elevation":-0.011051866916395797,"mouse_left_top":{"x":-0.16842105263157892,"y":-0.32615384615384624,"z":0.5},"mouse_right_top":{"x":-0.05438596491228065,"y":-0.32615384615384624,"z":0.5},"mouse_left_bottom":{"x":-0.16842105263157892,"y":-0.5446153846153847,"z":0.5},"mouse_right_bottom":{"x":-0.05438596491228065,"y":-0.5446153846153847,"z":0.5}},{"scan":"vyrNrziPKCB","image_id":"6f5e70ae957d4a95af44068aa4946744","pose":[0.5388999993371537,0.842266129876573,0.013171996680410901,0,-0.007911384009879258,-0.010575508559417388,0.999911996931662,0,0.84233165824765,-0.5389574066342846,0.0009643454116495332,0,8.01116,-15.6732,1.56177,1],"heading":5.2815885871449115,"elevation":-0.0009643462175410589,"mouse_left_top":{"x":-0.2701754385964912,"y":-0.20307692307692315,"z":0.5},"mouse_right_top":{"x":-0.04210526315789476,"y":-0.20307692307692315,"z":0.5},"mouse_left_bottom":{"x":-0.2701754385964912,"y":-0.5261538461538462,"z":0.5},"mouse_right_bottom":{"x":-0.04210526315789476,"y":-0.5261538461538462,"z":0.5}},{"scan":"vyrNrziPKCB","image_id":"35fbae92aa284ba19652ccb31f4cff9c","pose":[0.7824930003666647,0.6225272709057781,0.0127752693569294,0,-0.007911384009879258,-0.010575508559417388,0.999911996931662,0,0.6226078510177936,-0.7825261124600364,-0.0033502166317457742,0,6.95729,-14.3167,1.56516,1],"heading":5.611109520226401,"elevation":0.0033502247804123816,"mouse_left_top":{"x":-0.46842105263157896,"y":0.040000000000000036,"z":0.5},"mouse_right_top":{"x":-0.35789473684210527,"y":0.040000000000000036,"z":0.5},"mouse_left_bottom":{"x":-0.46842105263157896,"y":-0.3353846153846154,"z":0.5},"mouse_right_bottom":{"x":-0.35789473684210527,"y":-0.3353846153846154,"z":0.5}},{"scan":"vyrNrziPKCB","image_id":"5ca3a899d8b0431083b139d73ffdf6c9","pose":[-0.0008583425988134686,0.9999433582062285,0.010569048974465742,0,-0.007911384009879258,-0.010575508559417388,0.999911996931662,0,0.9999675469833024,0.0007746498975573484,0.007920016565454262,0,2.25505,-14.2196,1.55975,1],"heading":4.7116143055015565,"elevation":-0.0079201056171875,"mouse_left_top":{"x":0.01403508771929829,"y":-0.22769230769230764,"z":0.5},"mouse_right_top":{"x":0.1350877192982456,"y":-0.22769230769230764,"z":0.5},"mouse_left_bottom":{"x":0.01403508771929829,"y":-0.5076923076923077,"z":0.5},"mouse_right_bottom":{"x":0.1350877192982456,"y":-0.5076923076923077,"z":0.5}}]